0	1	0
1	1	1
2	3	418	2	252
3	2	3	854
4	3	331	4	667
5	3	304	506	5
6	1	6
7	4	765	68	508	7
8	3	8	1038	1046
9	1	9
10	3	10	267	310
11	7	832	293	11	81	1011	757	283
12	1	12
13	1	13
14	7	1088	357	648	14	815	661	285
15	1	15
16	6	545	769	1000	16	1109	730
17	1	17
18	4	552	18	584	342
19	2	19	804
20	1	20
21	4	297	851	347	21
22	1	22
23	6	870	362	52	693	23	604
24	1	24
25	2	25	1021
26	4	26	940	74	926
27	2	27	374
28	1	28
29	1	29
30	1	30
31	2	316	31
32	1	32
33	5	33	1026	181	793	927
34	1	34
35	2	35	533
36	1	36
37	2	108	37
38	1	38
39	4	736	687	148	39
40	8	40	1162	1072	50	660	1114	220	479
41	2	41	1118
42	2	42	684
43	1	43
44	1	44
45	1	45
46	1	46
47	2	692	47
48	2	48	83
49	3	49	1163	70
50	8	40	1162	1072	50	660	1114	220	479
51	5	203	51	981	534	895
52	6	870	362	52	693	23	604
53	4	1169	109	786	53
54	6	513	1138	54	59	190	763
55	3	783	214	55
56	1	56
57	1	57
58	3	681	58	835
59	6	513	1138	54	59	190	763
60	2	60	261
61	1	61
62	5	323	780	303	218	62
63	1	63
64	1	64
65	1	65
66	5	640	66	556	1110	223
67	1	67
68	4	765	68	508	7
69	2	843	69
70	3	49	1163	70
71	4	657	731	1062	71
72	2	72	982
73	4	73	130	986	559
74	4	26	940	74	926
75	2	75	943
76	1	76
77	3	448	787	77
78	1	78
79	5	163	79	528	852	309
80	1	80
81	7	832	293	11	81	1011	757	283
82	7	1027	524	368	432	82	561	733
83	2	48	83
84	8	512	262	974	84	885	1047	312	222
85	1	85
86	3	94	86	1102
87	1	87
88	5	902	1160	564	1078	88
89	3	952	89	915
90	1	90
91	1	91
92	1	92
93	2	93	174
94	3	94	86	1102
95	1	95
96	1	96
97	3	97	499	669
98	1	98
99	1	99
100	3	100	996	862
101	1	101
102	1	102
103	7	987	103	812	878	113	724	827
104	2	104	339
105	1	105
106	3	106	397	542
107	4	530	107	1115	1143
108	2	108	37
109	4	1169	109	786	53
110	1	110
111	3	1008	918	111
112	1	112
113	7	987	103	812	878	113	724	827
114	3	488	114	607
115	1	115
116	2	116	582
117	1	117
118	2	118	246
119	1	119
120	1	120
121	5	1127	1065	266	1135	121
122	1	122
123	1	123
124	1	124
125	1	125
126	1	126
127	2	173	127
128	2	128	254
129	1	129
130	4	73	130	986	559
131	3	1024	1049	131
132	2	132	1068
133	1	133
134	1	134
135	1	135
136	1	136
137	3	137	779	257
138	1	138
139	1	139
140	1	140
141	3	452	141	1031
142	1	142
143	2	433	143
144	1	144
145	2	145	761
146	3	680	682	146
147	8	929	621	334	147	659	1013	1082	319
148	4	736	687	148	39
149	7	753	149	696	345	826	509	863
150	1	150
151	1	151
152	4	152	1015	709	591
153	1	153
154	6	1166	817	791	154	411	734
155	1	155
156	1	156
157	5	992	355	1028	752	157
158	3	905	994	158
159	5	225	1130	909	1084	159
160	4	160	722	451	799
161	1	161
162	1	162
163	5	163	79	528	852	309
164	1	164
165	1	165
166	1	166
167	7	834	167	264	330	238	688	1113
168	1	168
169	4	984	169	1066	478
170	2	170	1158
171	1	171
172	1	172
173	2	173	127
174	2	93	174
175	2	1090	175
176	2	176	301
177	3	627	177	315
178	1	178
179	3	179	924	1171
180	5	389	617	618	589	180
181	5	33	1026	181	793	927
182	1	182
183	1	183
184	3	184	1174	456
185	1	185
186	1	186
187	1	187
188	3	866	188	756
189	1	189
190	6	513	1138	54	59	190	763
191	1	191
192	2	192	211
193	6	193	1057	329	1137	247	376
194	2	194	747
195	1	195
196	1	196
197	8	290	964	517	197	744	937	889	1117
198	1	198
199	1	199
200	4	200	965	381	327
201	6	899	773	201	491	1107	1020
202	1	202
203	5	203	51	981	534	895
204	3	204	484	407
205	2	250	205
206	3	291	932	206
207	1	207
208	1	208
209	3	209	1132	789
210	7	321	460	210	371	1010	1045	447
211	2	192	211
212	1	212
213	1	213
214	3	783	214	55
215	1	215
216	2	216	474
217	3	217	674	766
218	5	323	780	303	218	62
219	5	970	715	820	343	219
220	8	40	1162	1072	50	660	1114	220	479
221	7	641	450	494	373	922	796	221
222	8	512	262	974	84	885	1047	312	222
223	5	640	66	556	1110	223
224	1	224
225	5	225	1130	909	1084	159
226	1	226
227	1	227
228	1	228
229	2	337	229
230	2	821	230
231	2	663	231
232	6	390	743	232	1064	333	758
233	2	233	979
234	1	234
235	1	235
236	4	249	236	1173	404
237	1	237
238	7	834	167	264	330	238	688	1113
239	2	1155	239
240	1	240
241	1	241
242	2	1097	242
243	4	1128	1034	243	613
244	2	244	287
245	1	245
246	2	118	246
247	6	193	1057	329	1137	247	376
248	1	248
249	4	249	236	1173	404
250	2	250	205
251	1	251
252	3	418	2	252
253	1	253
254	2	128	254
255	1	255
256	3	256	587	999
257	3	137	779	257
258	8	480	258	775	1002	973	946	372	1053
259	1	259
260	5	260	364	461	849	921
261	2	60	261
262	8	512	262	974	84	885	1047	312	222
263	1	263
264	7	834	167	264	330	238	688	1113
265	1	265
266	5	1127	1065	266	1135	121
267	3	10	267	310
268	1	268
269	3	1067	492	269
270	2	677	270
271	1	271
272	1	272
273	2	273	1083
274	2	274	523
275	4	400	1150	275	886
276	4	409	706	945	276
277	1	277
278	1	278
279	1	279
280	3	280	603	1157
281	1	281
282	3	1056	801	282
283	7	832	293	11	81	1011	757	283
284	5	708	1063	299	624	284
285	7	1088	357	648	14	815	661	285
286	1	286
287	2	244	287
288	2	288	379
289	1	289
290	8	290	964	517	197	744	937	889	1117
291	3	291	932	206
292	1	292
293	7	832	293	11	81	1011	757	283
294	2	1134	294
295	1	295
296	1	296
297	4	297	851	347	21
298	1	298
299	5	708	1063	299	624	284
300	1	300
301	2	176	301
302	1	302
303	5	323	780	303	218	62
304	3	304	506	5
305	3	305	649	515
306	4	472	306	644	574
307	1	307
308	1	308
309	5	163	79	528	852	309
310	3	10	267	310
311	2	857	311
312	8	512	262	974	84	885	1047	312	222
313	2	313	375
314	2	314	413
315	3	627	177	315
316	2	316	31
317	1	317
318	1	318
319	8	929	621	334	147	659	1013	1082	319
320	3	320	938	806
321	7	321	460	210	371	1010	1045	447
322	3	560	322	387
323	5	323	780	303	218	62
324	1	324
325	1	325
326	5	326	877	813	1111	858
327	4	200	965	381	327
328	6	580	328	841	463	920	830
329	6	193	1057	329	1137	247	376
330	7	834	167	264	330	238	688	1113
331	3	331	4	667
332	1	332
333	6	390	743	232	1064	333	758
334	8	929	621	334	147	659	1013	1082	319
335	1	335
336	2	336	520
337	2	337	229
338	3	338	967	831
339	2	104	339
340	1	340
341	1	341
342	4	552	18	584	342
343	5	970	715	820	343	219
344	1	344
345	7	753	149	696	345	826	509	863
346	1	346
347	4	297	851	347	21
348	3	874	348	502
349	2	1161	349
350	1	350
351	7	487	519	811	399	527	975	351
352	1	352
353	1	353
354	1	354
355	5	992	355	1028	752	157
356	1	356
357	7	1088	357	648	14	815	661	285
358	1	358
359	2	577	359
360	1	360
361	4	408	361	969	521
362	6	870	362	52	693	23	604
363	1	363
364	5	260	364	461	849	921
365	7	1094	904	1098	365	816	504	665
366	1	366
367	1	367
368	7	1027	524	368	432	82	561	733
369	1	369
370	1	370
371	7	321	460	210	371	1010	1045	447
372	8	480	258	775	1002	973	946	372	1053
373	7	641	450	494	373	922	796	221
374	2	27	374
375	2	313	375
376	6	193	1057	329	1137	247	376
377	1	377
378	3	378	594	1142
379	2	288	379
380	4	864	420	380	551
381	4	200	965	381	327
382	1	382
383	2	1101	383
384	2	384	541
385	1	385
386	2	386	445
387	3	560	322	387
388	1	388
389	5	389	617	618	589	180
390	6	390	743	232	1064	333	758
391	1	391
392	2	392	401
393	2	393	1148
394	1	394
395	1	395
396	2	978	396
397	3	106	397	542
398	1	398
399	7	487	519	811	399	527	975	351
400	4	400	1150	275	886
401	2	392	401
402	2	402	919
403	1	403
404	4	249	236	1173	404
405	1	405
406	1	406
407	3	204	484	407
408	4	408	361	969	521
409	4	409	706	945	276
410	1	410
411	6	1166	817	791	154	411	734
412	1	412
413	2	314	413
414	1	414
415	1	415
416	1	416
417	1	417
418	3	418	2	252
419	1	419
420	4	864	420	380	551
421	2	421	871
422	1	422
423	4	1149	980	685	423
424	1	424
425	3	576	425	995
426	1	426
427	1	427
428	1	428
429	2	429	1167
430	1	430
431	1	431
432	7	1027	524	368	432	82	561	733
433	2	433	143
434	1	434
435	3	435	702	767
436	1	436
437	1	437
438	1	438
439	2	741	439
440	1	440
441	4	1051	441	771	713
442	1	442
443	1	443
444	1	444
445	2	386	445
446	2	1018	446
447	7	321	460	210	371	1010	1045	447
448	3	448	787	77
449	5	449	1089	1032	1041	500
450	7	641	450	494	373	922	796	221
451	4	160	722	451	799
452	3	452	141	1031
453	2	768	453
454	2	571	454
455	2	622	455
456	3	184	1174	456
457	2	457	906
458	1	458
459	1	459
460	7	321	460	210	371	1010	1045	447
461	5	260	364	461	849	921
462	1	462
463	6	580	328	841	463	920	830
464	2	464	538
465	6	546	554	620	465	853	632
466	1	466
467	3	1043	467	948
468	1	468
469	1	469
470	1	470
471	1	471
472	4	472	306	644	574
473	1	473
474	2	216	474
475	1	475
476	1	476
477	1	477
478	4	984	169	1066	478
479	8	40	1162	1072	50	660	1114	220	479
480	8	480	258	775	1002	973	946	372	1053
481	1	481
482	1	482
483	2	483	548
484	3	204	484	407
485	1	485
486	2	1052	486
487	7	487	519	811	399	527	975	351
488	3	488	114	607
489	2	489	690
490	1	490
491	6	899	773	201	491	1107	1020
492	3	1067	492	269
493	1	493
494	7	641	450	494	373	922	796	221
495	1	495
496	2	496	671
497	1	497
498	1	498
499	3	97	499	669
500	5	449	1089	1032	1041	500
501	1	501
502	3	874	348	502
503	1	503
504	7	1094	904	1098	365	816	504	665
505	1	505
506	3	304	506	5
507	1	507
508	4	765	68	508	7
509	7	753	149	696	345	826	509	863
510	4	1165	1003	581	510
511	2	638	511
512	8	512	262	974	84	885	1047	312	222
513	6	513	1138	54	59	190	763
514	2	514	1131
515	3	305	649	515
516	1	516
517	8	290	964	517	197	744	937	889	1117
518	4	770	1123	596	518
519	7	487	519	811	399	527	975	351
520	2	336	520
521	4	408	361	969	521
522	1	522
523	2	274	523
524	7	1027	524	368	432	82	561	733
525	1	525
526	1	526
527	7	487	519	811	399	527	975	351
528	5	163	79	528	852	309
529	1	529
530	4	530	107	1115	1143
531	1	531
532	1	532
533	2	35	533
534	5	203	51	981	534	895
535	1	535
536	1	536
537	3	537	694	567
538	2	464	538
539	1	539
540	4	579	540	1085	575
541	2	384	541
542	3	106	397	542
543	1	543
544	3	544	934	550
545	6	545	769	1000	16	1109	730
546	6	546	554	620	465	853	632
547	1	547
548	2	483	548
549	1	549
550	3	544	934	550
551	4	864	420	380	551
552	4	552	18	584	342
553	4	656	553	1153	888
554	6	546	554	620	465	853	632
555	1	555
556	5	640	66	556	1110	223
557	1	557
558	1	558
559	4	73	130	986	559
560	3	560	322	387
561	7	1027	524	368	432	82	561	733
562	1	562
563	1	563
564	5	902	1160	564	1078	88
565	1	565
566	1	566
567	3	537	694	567
568	1	568
569	1	569
570	4	1016	570	869	1022
571	2	571	454
572	1	572
573	1	573
574	4	472	306	644	574
575	4	579	540	1085	575
576	3	576	425	995
577	2	577	359
578	1	578
579	4	579	540	1085	575
580	6	580	328	841	463	920	830
581	4	1165	1003	581	510
582	2	116	582
583	1	583
584	4	552	18	584	342
585	1	585
586	1	586
587	3	256	587	999
588	3	845	588	717
589	5	389	617	618	589	180
590	1	590
591	4	152	1015	709	591
592	1	592
593	1	593
594	3	378	594	1142
595	1	595
596	4	770	1123	596	518
597	1	597
598	1	598
599	1	599
600	7	742	907	881	691	916	1014	600
601	2	601	818
602	1	602
603	3	280	603	1157
604	6	870	362	52	693	23	604
605	1	605
606	6	737	1103	914	1074	792	606
607	3	488	114	607
608	3	608	957	823
609	2	1168	609
610	1	610
611	1	611
612	1	612
613	4	1128	1034	243	613
614	1	614
615	1	615
616	1	616
617	5	389	617	618	589	180
618	5	389	617	618	589	180
619	1	619
620	6	546	554	620	465	853	632
621	8	929	621	334	147	659	1013	1082	319
622	2	622	455
623	1	623
624	5	708	1063	299	624	284
625	1	625
626	1	626
627	3	627	177	315
628	1	628
629	1	629
630	1	630
631	1	631
632	6	546	554	620	465	853	632
633	1	633
634	1	634
635	1	635
636	1	636
637	1	637
638	2	638	511
639	1	639
640	5	640	66	556	1110	223
641	7	641	450	494	373	922	796	221
642	1	642
643	1	643
644	4	472	306	644	574
645	1	645
646	1	646
647	1	647
648	7	1088	357	648	14	815	661	285
649	3	305	649	515
650	2	650	908
651	1	651
652	2	963	652
653	1	653
654	1	654
655	1	655
656	4	656	553	1153	888
657	4	657	731	1062	71
658	3	872	658	844
659	8	929	621	334	147	659	1013	1082	319
660	8	40	1162	1072	50	660	1114	220	479
661	7	1088	357	648	14	815	661	285
662	1	662
663	2	663	231
664	4	664	910	829	750
665	7	1094	904	1098	365	816	504	665
666	1	666
667	3	331	4	667
668	2	668	828
669	3	97	499	669
670	1	670
671	2	496	671
672	1	672
673	1	673
674	3	217	674	766
675	2	675	1071
676	1	676
677	2	677	270
678	1	678
679	1	679
680	3	680	682	146
681	3	681	58	835
682	3	680	682	146
683	1	683
684	2	42	684
685	4	1149	980	685	423
686	1	686
687	4	736	687	148	39
688	7	834	167	264	330	238	688	1113
689	1	689
690	2	489	690
691	7	742	907	881	691	916	1014	600
692	2	692	47
693	6	870	362	52	693	23	604
694	3	537	694	567
695	1	695
696	7	753	149	696	345	826	509	863
697	1	697
698	1	698
699	1	699
700	1	700
701	1	701
702	3	435	702	767
703	1	703
704	1	704
705	1	705
706	4	409	706	945	276
707	1	707
708	5	708	1063	299	624	284
709	4	152	1015	709	591
710	1	710
711	1	711
712	1	712
713	4	1051	441	771	713
714	2	1120	714
715	5	970	715	820	343	219
716	1	716
717	3	845	588	717
718	3	880	1144	718
719	1	719
720	1	720
721	3	721	795	903
722	4	160	722	451	799
723	1	723
724	7	987	103	812	878	113	724	827
725	1	725
726	1	726
727	3	955	956	727
728	2	728	861
729	1	729
730	6	545	769	1000	16	1109	730
731	4	657	731	1062	71
732	1	732
733	7	1027	524	368	432	82	561	733
734	6	1166	817	791	154	411	734
735	1	735
736	4	736	687	148	39
737	6	737	1103	914	1074	792	606
738	1	738
739	1	739
740	1	740
741	2	741	439
742	7	742	907	881	691	916	1014	600
743	6	390	743	232	1064	333	758
744	8	290	964	517	197	744	937	889	1117
745	1	745
746	1	746
747	2	194	747
748	3	1059	1019	748
749	1	749
750	4	664	910	829	750
751	1	751
752	5	992	355	1028	752	157
753	7	753	149	696	345	826	509	863
754	1	754
755	2	1033	755
756	3	866	188	756
757	7	832	293	11	81	1011	757	283
758	6	390	743	232	1064	333	758
759	3	1139	807	759
760	1	760
761	2	145	761
762	1	762
763	6	513	1138	54	59	190	763
764	1	764
765	4	765	68	508	7
766	3	217	674	766
767	3	435	702	767
768	2	768	453
769	6	545	769	1000	16	1109	730
770	4	770	1123	596	518
771	4	1051	441	771	713
772	1	772
773	6	899	773	201	491	1107	1020
774	1	774
775	8	480	258	775	1002	973	946	372	1053
776	1	776
777	2	777	1087
778	4	1086	778	782	1170
779	3	137	779	257
780	5	323	780	303	218	62
781	1	781
782	4	1086	778	782	1170
783	3	783	214	55
784	1	784
785	1	785
786	4	1169	109	786	53
787	3	448	787	77
788	1	788
789	3	209	1132	789
790	1	790
791	6	1166	817	791	154	411	734
792	6	737	1103	914	1074	792	606
793	5	33	1026	181	793	927
794	1	794
795	3	721	795	903
796	7	641	450	494	373	922	796	221
797	3	1005	1172	797
798	1	798
799	4	160	722	451	799
800	1	800
801	3	1056	801	282
802	1	802
803	1	803
804	2	19	804
805	1	805
806	3	320	938	806
807	3	1139	807	759
808	1	808
809	1	809
810	1	810
811	7	487	519	811	399	527	975	351
812	7	987	103	812	878	113	724	827
813	5	326	877	813	1111	858
814	2	814	887
815	7	1088	357	648	14	815	661	285
816	7	1094	904	1098	365	816	504	665
817	6	1166	817	791	154	411	734
818	2	601	818
819	1	819
820	5	970	715	820	343	219
821	2	821	230
822	1	822
823	3	608	957	823
824	1	824
825	1	825
826	7	753	149	696	345	826	509	863
827	7	987	103	812	878	113	724	827
828	2	668	828
829	4	664	910	829	750
830	6	580	328	841	463	920	830
831	3	338	967	831
832	7	832	293	11	81	1011	757	283
833	1	833
834	7	834	167	264	330	238	688	1113
835	3	681	58	835
836	1	836
837	1	837
838	1	838
839	1	839
840	1	840
841	6	580	328	841	463	920	830
842	1	842
843	2	843	69
844	3	872	658	844
845	3	845	588	717
846	1	846
847	1	847
848	1	848
849	5	260	364	461	849	921
850	1	850
851	4	297	851	347	21
852	5	163	79	528	852	309
853	6	546	554	620	465	853	632
854	2	3	854
855	1	855
856	1	856
857	2	857	311
858	5	326	877	813	1111	858
859	1	859
860	1	860
861	2	728	861
862	3	100	996	862
863	7	753	149	696	345	826	509	863
864	4	864	420	380	551
865	1	865
866	3	866	188	756
867	1	867
868	1	868
869	4	1016	570	869	1022
870	6	870	362	52	693	23	604
871	2	421	871
872	3	872	658	844
873	1	873
874	3	874	348	502
875	2	897	875
876	1	876
877	5	326	877	813	1111	858
878	7	987	103	812	878	113	724	827
879	1	879
880	3	880	1144	718
881	7	742	907	881	691	916	1014	600
882	1	882
883	1	883
884	1	884
885	8	512	262	974	84	885	1047	312	222
886	4	400	1150	275	886
887	2	814	887
888	4	656	553	1153	888
889	8	290	964	517	197	744	937	889	1117
890	1	890
891	2	891	901
892	1	892
893	1	893
894	1	894
895	5	203	51	981	534	895
896	1	896
897	2	897	875
898	1	898
899	6	899	773	201	491	1107	1020
900	1	900
901	2	891	901
902	5	902	1160	564	1078	88
903	3	721	795	903
904	7	1094	904	1098	365	816	504	665
905	3	905	994	158
906	2	457	906
907	7	742	907	881	691	916	1014	600
908	2	650	908
909	5	225	1130	909	1084	159
910	4	664	910	829	750
911	1	911
912	1	912
913	1	913
914	6	737	1103	914	1074	792	606
915	3	952	89	915
916	7	742	907	881	691	916	1014	600
917	1	917
918	3	1008	918	111
919	2	402	919
920	6	580	328	841	463	920	830
921	5	260	364	461	849	921
922	7	641	450	494	373	922	796	221
923	2	923	989
924	3	179	924	1171
925	1	925
926	4	26	940	74	926
927	5	33	1026	181	793	927
928	1	928
929	8	929	621	334	147	659	1013	1082	319
930	1	930
931	1	931
932	3	291	932	206
933	1	933
934	3	544	934	550
935	1	935
936	1	936
937	8	290	964	517	197	744	937	889	1117
938	3	320	938	806
939	1	939
940	4	26	940	74	926
941	1	941
942	1	942
943	2	75	943
944	1	944
945	4	409	706	945	276
946	8	480	258	775	1002	973	946	372	1053
947	1	947
948	3	1043	467	948
949	1	949
950	1	950
951	1	951
952	3	952	89	915
953	1	953
954	1	954
955	3	955	956	727
956	3	955	956	727
957	3	608	957	823
958	1	958
959	1	959
960	1	960
961	2	961	1133
962	2	962	983
963	2	963	652
964	8	290	964	517	197	744	937	889	1117
965	4	200	965	381	327
966	1	966
967	3	338	967	831
968	1	968
969	4	408	361	969	521
970	5	970	715	820	343	219
971	1	971
972	1	972
973	8	480	258	775	1002	973	946	372	1053
974	8	512	262	974	84	885	1047	312	222
975	7	487	519	811	399	527	975	351
976	1	976
977	2	977	1100
978	2	978	396
979	2	233	979
980	4	1149	980	685	423
981	5	203	51	981	534	895
982	2	72	982
983	2	962	983
984	4	984	169	1066	478
985	1	985
986	4	73	130	986	559
987	7	987	103	812	878	113	724	827
988	1	988
989	2	923	989
990	1	990
991	1	991
992	5	992	355	1028	752	157
993	1	993
994	3	905	994	158
995	3	576	425	995
996	3	100	996	862
997	1	997
998	1	998
999	3	256	587	999
1000	6	545	769	1000	16	1109	730
1001	1	1001
1002	8	480	258	775	1002	973	946	372	1053
1003	4	1165	1003	581	510
1004	1	1004
1005	3	1005	1172	797
1006	1	1006
1007	1	1007
1008	3	1008	918	111
1009	1	1009
1010	7	321	460	210	371	1010	1045	447
1011	7	832	293	11	81	1011	757	283
1012	1	1012
1013	8	929	621	334	147	659	1013	1082	319
1014	7	742	907	881	691	916	1014	600
1015	4	152	1015	709	591
1016	4	1016	570	869	1022
1017	1	1017
1018	2	1018	446
1019	3	1059	1019	748
1020	6	899	773	201	491	1107	1020
1021	2	25	1021
1022	4	1016	570	869	1022
1023	1	1023
1024	3	1024	1049	131
1025	1	1025
1026	5	33	1026	181	793	927
1027	7	1027	524	368	432	82	561	733
1028	5	992	355	1028	752	157
1029	1	1029
1030	1	1030
1031	3	452	141	1031
1032	5	449	1089	1032	1041	500
1033	2	1033	755
1034	4	1128	1034	243	613
1035	1	1035
1036	1	1036
1037	1	1037
1038	3	8	1038	1046
1039	1	1039
1040	1	1040
1041	5	449	1089	1032	1041	500
1042	1	1042
1043	3	1043	467	948
1044	1	1044
1045	7	321	460	210	371	1010	1045	447
1046	3	8	1038	1046
1047	8	512	262	974	84	885	1047	312	222
1048	1	1048
1049	3	1024	1049	131
1050	1	1050
1051	4	1051	441	771	713
1052	2	1052	486
1053	8	480	258	775	1002	973	946	372	1053
1054	1	1054
1055	1	1055
1056	3	1056	801	282
1057	6	193	1057	329	1137	247	376
1058	1	1058
1059	3	1059	1019	748
1060	1	1060
1061	1	1061
1062	4	657	731	1062	71
1063	5	708	1063	299	624	284
1064	6	390	743	232	1064	333	758
1065	5	1127	1065	266	1135	121
1066	4	984	169	1066	478
1067	3	1067	492	269
1068	2	132	1068
1069	1	1069
1070	1	1070
1071	2	675	1071
1072	8	40	1162	1072	50	660	1114	220	479
1073	1	1073
1074	6	737	1103	914	1074	792	606
1075	1	1075
1076	1	1076
1077	1	1077
1078	5	902	1160	564	1078	88
1079	1	1079
1080	1	1080
1081	1	1081
1082	8	929	621	334	147	659	1013	1082	319
1083	2	273	1083
1084	5	225	1130	909	1084	159
1085	4	579	540	1085	575
1086	4	1086	778	782	1170
1087	2	777	1087
1088	7	1088	357	648	14	815	661	285
1089	5	449	1089	1032	1041	500
1090	2	1090	175
1091	1	1091
1092	1	1092
1093	1	1093
1094	7	1094	904	1098	365	816	504	665
1095	1	1095
1096	1	1096
1097	2	1097	242
1098	7	1094	904	1098	365	816	504	665
1099	1	1099
1100	2	977	1100
1101	2	1101	383
1102	3	94	86	1102
1103	6	737	1103	914	1074	792	606
1104	1	1104
1105	1	1105
1106	1	1106
1107	6	899	773	201	491	1107	1020
1108	1	1108
1109	6	545	769	1000	16	1109	730
1110	5	640	66	556	1110	223
1111	5	326	877	813	1111	858
1112	1	1112
1113	7	834	167	264	330	238	688	1113
1114	8	40	1162	1072	50	660	1114	220	479
1115	4	530	107	1115	1143
1116	1	1116
1117	8	290	964	517	197	744	937	889	1117
1118	2	41	1118
1119	1	1119
1120	2	1120	714
1121	1	1121
1122	1	1122
1123	4	770	1123	596	518
1124	1	1124
1125	1	1125
1126	1	1126
1127	5	1127	1065	266	1135	121
1128	4	1128	1034	243	613
1129	1	1129
1130	5	225	1130	909	1084	159
1131	2	514	1131
1132	3	209	1132	789
1133	2	961	1133
1134	2	1134	294
1135	5	1127	1065	266	1135	121
1136	1	1136
1137	6	193	1057	329	1137	247	376
1138	6	513	1138	54	59	190	763
1139	3	1139	807	759
1140	1	1140
1141	1	1141
1142	3	378	594	1142
1143	4	530	107	1115	1143
1144	3	880	1144	718
1145	1	1145
1146	1	1146
1147	1	1147
1148	2	393	1148
1149	4	1149	980	685	423
1150	4	400	1150	275	886
1151	1	1151
1152	1	1152
1153	4	656	553	1153	888
1154	1	1154
1155	2	1155	239
1156	1	1156
1157	3	280	603	1157
1158	2	170	1158
1159	1	1159
1160	5	902	1160	564	1078	88
1161	2	1161	349
1162	8	40	1162	1072	50	660	1114	220	479
1163	3	49	1163	70
1164	1	1164
1165	4	1165	1003	581	510
1166	6	1166	817	791	154	411	734
1167	2	429	1167
1168	2	1168	609
1169	4	1169	109	786	53
1170	4	1086	778	782	1170
1171	3	179	924	1171
1172	3	1005	1172	797
1173	4	249	236	1173	404
1174	3	184	1174	456
