0	7	0	556	13	1425	2262	535	1304
1	5	1	834	968	1555	350
2	6	385	2	871	1354	2354	1592
3	3	1783	3	495
4	5	2464	1089	4	1994	1527
5	1	5
6	3	2110	2192	6
7	1	7
8	1	8
9	2	9	84
10	7	100	10	747	2186	2190	1850	1502
11	1	11
12	2	89	12
13	7	0	556	13	1425	2262	535	1304
14	1	14
15	6	388	2119	1420	15	243	2228
16	1	16
17	1	17
18	10	899	1894	812	398	1873	18	1010	1237	282	1437
19	1	19
20	1	20
21	1	21
22	1	22
23	18	544	636	2051	1852	2440	139	1580	2283	1456	2418	724	1589	502	23	1914	2459	284	2142
24	4	24	1139	707	2133
25	9	672	2211	1572	875	1995	2481	25	2044	2335
26	1	26
27	6	714	235	1360	185	27	2396
28	6	1876	438	1400	473	2170	28
29	1	29
30	7	325	2277	748	590	762	1307	30
31	4	2387	381	430	31
32	3	32	1434	1494
33	4	680	33	130	1985
34	1	34
35	5	35	1066	2128	1851	1566
36	1	36
37	4	1386	858	37	1118
38	5	1568	38	1676	721	2388
39	1	39
40	8	1282	1475	2114	40	2252	366	497	2419
41	1	41
42	18	2455	2274	1284	553	42	1545	2410	1773	1807	2257	851	787	1940	1335	1722	1916	765	1279
43	1	43
44	1	44
45	8	168	2089	298	45	2062	245	629	1630
46	1	46
47	2	740	47
48	1	48
49	1	49
50	18	2466	1987	645	1415	1757	1863	874	654	1392	50	1301	726	55	728	1270	2009	637	1367
51	3	51	693	1031
52	1	52
53	1	53
54	1	54
55	18	2466	1987	645	1415	1757	1863	874	654	1392	50	1301	726	55	728	1270	2009	637	1367
56	1	56
57	7	1312	484	281	204	1845	57	1246
58	1	58
59	4	1595	59	1558	183
60	3	1220	60	2102
61	1	61
62	3	2126	62	87
63	2	2173	63
64	1	64
65	1	65
66	1	66
67	4	209	67	1365	1014
68	1	68
69	5	69	73	1033	623	1075
70	5	609	70	1417	1102	665
71	6	1442	1348	2245	71	137	627
72	2	72	2162
73	5	69	73	1033	623	1075
74	1	74
75	1	75
76	2	2226	76
77	4	1289	1396	77	991
78	1	78
79	5	1293	1134	79	1786	287
80	6	1510	1871	80	850	891	764
81	4	81	2474	684	855
82	7	2309	907	2000	82	277	1047	1599
83	1	83
84	2	9	84
85	1	85
86	1	86
87	3	2126	62	87
88	1	88
89	2	89	12
90	4	1970	921	90	1162
91	1	91
92	19	2242	868	261	1320	1147	524	1581	2158	2316	400	944	1212	1299	2100	1205	2266	187	92	2463
93	1	93
94	1	94
95	3	2288	2296	95
96	13	96	2017	997	616	2380	365	462	941	1619	1910	119	2042	379
97	1	97
98	9	98	643	2184	1226	109	719	1202	180	2047
99	1	99
100	7	100	10	747	2186	2190	1850	1502
101	4	1963	604	101	2229
102	1	102
103	3	184	371	103
104	1	104
105	1	105
106	1	106
107	1	107
108	1	108
109	9	98	643	2184	1226	109	719	1202	180	2047
110	1	110
111	1	111
112	2	112	1650
113	3	113	1713	1958
114	3	1403	114	803
115	8	736	1570	1155	368	2321	115	1336	156
116	3	116	790	1751
117	2	1397	117
118	3	2494	573	118
119	13	96	2017	997	616	2380	365	462	941	1619	1910	119	2042	379
120	1	120
121	1	121
122	1	122
123	4	123	2421	2197	2367
124	3	745	1922	124
125	1	125
126	6	1617	723	1460	568	409	126
127	1	127
128	7	128	1201	2364	1049	2202	1787	2332
129	2	129	1697
130	4	680	33	130	1985
131	3	1008	1530	131
132	4	2272	1297	132	2134
133	4	673	1899	1492	133
134	7	1569	1157	134	1575	246	599	638
135	8	135	908	696	1330	1746	1591	216	2461
136	6	772	2021	136	338	475	1023
137	6	1442	1348	2245	71	137	627
138	1	138
139	18	544	636	2051	1852	2440	139	1580	2283	1456	2418	724	1589	502	23	1914	2459	284	2142
140	4	1024	2282	1547	140
141	6	1541	426	141	2486	442	831
142	7	1764	1349	2471	142	1998	1048	733
143	8	2371	1350	1193	879	143	565	247	410
144	4	144	1667	1221	1747
145	2	145	1370
146	2	146	1085
147	8	2406	459	1529	1582	1838	147	633	1884
148	7	705	262	2217	554	656	1232	148
149	1	149
150	3	2307	1404	150
151	4	1698	1643	1006	151
152	2	152	1829
153	5	494	1040	2036	153	1469
154	1	154
155	1	155
156	8	736	1570	1155	368	2321	115	1336	156
157	5	1537	967	597	1111	157
158	10	1025	226	2280	972	2253	947	2263	1817	158	863
159	2	464	159
160	6	160	2305	418	866	1230	446
161	1	161
162	3	2105	162	956
163	1	163
164	3	948	2123	164
165	3	1269	1325	165
166	6	166	1001	780	213	699	2013
167	2	2083	167
168	8	168	2089	298	45	2062	245	629	1630
169	2	712	169
170	1	170
171	1	171
172	10	738	1059	357	523	172	268	1644	2163	1366	606
173	2	1955	173
174	2	221	174
175	1	175
176	1	176
177	3	177	1939	2438
178	22	1280	1036	783	414	927	808	2350	687	2225	178	569	2366	718	2127	1233	477	742	1259	2027	1651	634	1276
179	3	2393	179	1941
180	9	98	643	2184	1226	109	719	1202	180	2047
181	3	618	181	1925
182	1	182
183	4	1595	59	1558	183
184	3	184	371	103
185	6	714	235	1360	185	27	2396
186	5	2310	1640	816	186	1759
187	19	2242	868	261	1320	1147	524	1581	2158	2316	400	944	1212	1299	2100	1205	2266	187	92	2463
188	2	824	188
189	6	1505	679	2224	2353	189	1567
190	1	190
191	1	191
192	3	192	274	588
193	3	193	1243	2390
194	2	194	1100
195	4	1688	195	1944	1695
196	4	2456	1996	196	806
197	1	197
198	1	198
199	1	199
200	1	200
201	6	1377	201	364	2420	2106	2270
202	3	2337	202	1543
203	5	2243	1383	203	2358	1180
204	7	1312	484	281	204	1845	57	1246
205	1	205
206	6	631	1483	206	1331	1815	1977
207	3	1112	225	207
208	3	208	260	943
209	4	209	67	1365	1014
210	3	210	1044	2198
211	3	2472	211	2292
212	2	212	2221
213	6	166	1001	780	213	699	2013
214	2	1035	214
215	2	720	215
216	8	135	908	696	1330	1746	1591	216	2461
217	1	217
218	2	218	2301
219	1	219
220	3	840	1769	220
221	2	221	174
222	1	222
223	4	1784	1409	2227	223
224	1	224
225	3	1112	225	207
226	10	1025	226	2280	972	2253	947	2263	1817	158	863
227	1	227
228	4	2260	228	1583	1231
229	1	229
230	1	230
231	1	231
232	1	232
233	1	233
234	1	234
235	6	714	235	1360	185	27	2396
236	3	1185	236	1077
237	1	237
238	3	2032	918	238
239	2	2485	239
240	1	240
241	4	689	241	579	308
242	2	242	1885
243	6	388	2119	1420	15	243	2228
244	9	640	2401	327	2157	1614	244	982	1150	1983
245	8	168	2089	298	45	2062	245	629	1630
246	7	1569	1157	134	1575	246	599	638
247	8	2371	1350	1193	879	143	565	247	410
248	2	248	1604
249	3	249	2322	1975
250	3	1816	250	923
251	1	251
252	1	252
253	1	253
254	1	254
255	3	1164	1540	255
256	4	256	1072	1762	1277
257	1	257
258	1	258
259	2	259	1158
260	3	208	260	943
261	19	2242	868	261	1320	1147	524	1581	2158	2316	400	944	1212	1299	2100	1205	2266	187	92	2463
262	7	705	262	2217	554	656	1232	148
263	1	263
264	1	264
265	1	265
266	1	266
267	1	267
268	10	738	1059	357	523	172	268	1644	2163	1366	606
269	5	1413	269	1174	984	1691
270	1	270
271	1	271
272	3	272	1037	839
273	1	273
274	3	192	274	588
275	8	1952	1094	1262	1937	2289	275	920	2172
276	1	276
277	7	2309	907	2000	82	277	1047	1599
278	1	278
279	6	1445	2122	2347	279	2329	2271
280	1	280
281	7	1312	484	281	204	1845	57	1246
282	10	899	1894	812	398	1873	18	1010	1237	282	1437
283	4	1512	283	2144	1597
284	18	544	636	2051	1852	2440	139	1580	2283	1456	2418	724	1589	502	23	1914	2459	284	2142
285	1	285
286	1	286
287	5	1293	1134	79	1786	287
288	1	288
289	1	289
290	4	290	460	1814	503
291	1	291
292	6	1184	578	292	2056	1133	2333
293	2	749	293
294	1	294
295	5	1123	581	295	2189	1678
296	2	296	954
297	1	297
298	8	168	2089	298	45	2062	245	629	1630
299	2	2064	299
300	8	576	832	1602	1124	300	1101	983	1533
301	1	301
302	1	302
303	8	303	817	1457	596	1782	1561	605	639
304	5	1953	1003	304	1525	2491
305	1	305
306	3	1841	306	1029
307	2	307	1070
308	4	689	241	579	308
309	1	309
310	1	310
311	2	577	311
312	5	1984	2120	1687	312	2458
313	1	313
314	1	314
315	1	315
316	2	316	2255
317	6	1600	481	1065	1710	2199	317
318	6	1056	2160	2483	1022	2104	318
319	1	319
320	2	320	800
321	2	480	321
322	1	322
323	1	323
324	2	1938	324
325	7	325	2277	748	590	762	1307	30
326	2	1761	326
327	9	640	2401	327	2157	1614	244	982	1150	1983
328	5	328	585	849	1524	1272
329	3	329	1020	1327
330	6	2177	1154	2149	330	722	2431
331	1	331
332	2	332	820
333	6	1222	1127	1675	333	2236	1309
334	2	1394	334
335	5	335	1393	2098	2097	1215
336	2	336	864
337	1	337
338	6	772	2021	136	338	475	1023
339	2	339	2183
340	1	340
341	6	1345	1889	1738	1997	1652	341
342	1	342
343	1	343
344	1	344
345	3	345	650	974
346	1	346
347	1	347
348	3	1795	348	847
349	1	349
350	5	1	834	968	1555	350
351	1	351
352	1	352
353	1	353
354	3	961	354	419
355	1	355
356	5	356	517	1288	1621	2111
357	10	738	1059	357	523	172	268	1644	2163	1366	606
358	2	1868	358
359	1	359
360	8	1380	1766	2182	360	2495	1548	2477	1887
361	5	2081	361	1322	619	622
362	2	1136	362
363	1	363
364	6	1377	201	364	2420	2106	2270
365	13	96	2017	997	616	2380	365	462	941	1619	1910	119	2042	379
366	8	1282	1475	2114	40	2252	366	497	2419
367	1	367
368	8	736	1570	1155	368	2321	115	1336	156
369	1	369
370	1	370
371	3	184	371	103
372	4	1864	1810	372	1189
373	1	373
374	3	1419	900	374
375	2	1311	375
376	1	376
377	2	377	1042
378	1	378
379	13	96	2017	997	616	2380	365	462	941	1619	1910	119	2042	379
380	1	380
381	4	2387	381	430	31
382	4	1296	1238	382	1247
383	2	1016	383
384	1	384
385	6	385	2	871	1354	2354	1592
386	5	386	1708	1745	661	1429
387	1	387
388	6	388	2119	1420	15	243	2228
389	4	1657	2297	996	389
390	1	390
391	1	391
392	1	392
393	2	393	2108
394	4	674	394	659	1214
395	2	395	1847
396	2	2161	396
397	2	411	397
398	10	899	1894	812	398	1873	18	1010	1237	282	1437
399	4	2449	610	405	399
400	19	2242	868	261	1320	1147	524	1581	2158	2316	400	944	1212	1299	2100	1205	2266	187	92	2463
401	3	401	1907	1860
402	4	896	2312	402	404
403	1	403
404	4	896	2312	402	404
405	4	2449	610	405	399
406	1	406
407	1	407
408	2	408	1954
409	6	1617	723	1460	568	409	126
410	8	2371	1350	1193	879	143	565	247	410
411	2	411	397
412	1	412
413	3	1258	413	2430
414	22	1280	1036	783	414	927	808	2350	687	2225	178	569	2366	718	2127	1233	477	742	1259	2027	1651	634	1276
415	1	415
416	1	416
417	1	417
418	6	160	2305	418	866	1230	446
419	3	961	354	419
420	2	420	1079
421	1	421
422	1	422
423	2	802	423
424	2	424	1149
425	6	2086	425	2219	2033	1976	1402
426	6	1541	426	141	2486	442	831
427	1	427
428	3	587	428	1823
429	1	429
430	4	2387	381	430	31
431	1	431
432	3	432	2244	624
433	2	433	1926
434	4	1673	434	1268	2497
435	1	435
436	3	898	436	1005
437	1	437
438	6	1876	438	1400	473	2170	28
439	1	439
440	1	440
441	1	441
442	6	1541	426	141	2486	442	831
443	1	443
444	1	444
445	1	445
446	6	160	2305	418	866	1230	446
447	1	447
448	1	448
449	1	449
450	1	450
451	1	451
452	4	1432	2093	452	540
453	1	453
454	1	454
455	1	455
456	1	456
457	1	457
458	1	458
459	8	2406	459	1529	1582	1838	147	633	1884
460	4	290	460	1814	503
461	8	2432	1833	1706	1739	1770	1229	1261	461
462	13	96	2017	997	616	2380	365	462	941	1619	1910	119	2042	379
463	1	463
464	2	464	159
465	1	465
466	3	466	763	2467
467	1	467
468	1	468
469	1	469
470	2	1874	470
471	1	471
472	3	472	825	2411
473	6	1876	438	1400	473	2170	28
474	1	474
475	6	772	2021	136	338	475	1023
476	1	476
477	22	1280	1036	783	414	927	808	2350	687	2225	178	569	2366	718	2127	1233	477	742	1259	2027	1651	634	1276
478	1	478
479	4	648	690	971	479
480	2	480	321
481	6	1600	481	1065	1710	2199	317
482	1	482
483	1	483
484	7	1312	484	281	204	1845	57	1246
485	1	485
486	1	486
487	1	487
488	1	488
489	1	489
490	2	490	2094
491	1	491
492	1	492
493	1	493
494	5	494	1040	2036	153	1469
495	3	1783	3	495
496	1	496
497	8	1282	1475	2114	40	2252	366	497	2419
498	1	498
499	4	1248	2344	499	1732
500	1	500
501	1	501
502	18	544	636	2051	1852	2440	139	1580	2283	1456	2418	724	1589	502	23	1914	2459	284	2142
503	4	290	460	1814	503
504	4	504	842	1612	1820
505	2	505	823
506	1	506
507	1	507
508	1	508
509	1	509
510	1	510
511	5	1798	938	946	695	511
512	1	512
513	9	513	1857	1253	1140	2261	2423	1913	730	796
514	1	514
515	4	570	515	2370	909
516	3	2268	516	1478
517	5	356	517	1288	1621	2111
518	2	1225	518
519	6	2020	519	1737	942	2031	1334
520	1	520
521	2	521	743
522	1	522
523	10	738	1059	357	523	172	268	1644	2163	1366	606
524	19	2242	868	261	1320	1147	524	1581	2158	2316	400	944	1212	1299	2100	1205	2266	187	92	2463
525	1	525
526	1	526
527	1	527
528	1	528
529	1	529
530	1	530
531	1	531
532	1	532
533	1	533
534	1	534
535	7	0	556	13	1425	2262	535	1304
536	1	536
537	1	537
538	1	538
539	1	539
540	4	1432	2093	452	540
541	5	541	1011	2394	1341	671
542	2	2317	542
543	1	543
544	18	544	636	2051	1852	2440	139	1580	2283	1456	2418	724	1589	502	23	1914	2459	284	2142
545	1	545
546	1	546
547	1	547
548	1	548
549	3	1858	2076	549
550	2	1912	550
551	1	551
552	6	962	739	552	2066	1719	1563
553	18	2455	2274	1284	553	42	1545	2410	1773	1807	2257	851	787	1940	1335	1722	1916	765	1279
554	7	705	262	2217	554	656	1232	148
555	2	561	555
556	7	0	556	13	1425	2262	535	1304
557	4	1754	1819	557	2231
558	1	558
559	1	559
560	1	560
561	2	561	555
562	2	562	1358
563	5	1216	2116	2057	844	563
564	5	1473	1771	2384	564	2103
565	8	2371	1350	1193	879	143	565	247	410
566	2	1249	566
567	1	567
568	6	1617	723	1460	568	409	126
569	22	1280	1036	783	414	927	808	2350	687	2225	178	569	2366	718	2127	1233	477	742	1259	2027	1651	634	1276
570	4	570	515	2370	909
571	3	2169	571	2291
572	1	572
573	3	2494	573	118
574	1	574
575	2	1398	575
576	8	576	832	1602	1124	300	1101	983	1533
577	2	577	311
578	6	1184	578	292	2056	1133	2333
579	4	689	241	579	308
580	3	978	580	2092
581	5	1123	581	295	2189	1678
582	1	582
583	1	583
584	1	584
585	5	328	585	849	1524	1272
586	2	586	658
587	3	587	428	1823
588	3	192	274	588
589	1	589
590	7	325	2277	748	590	762	1307	30
591	1	591
592	1	592
593	2	593	1663
594	1	594
595	2	595	630
596	8	303	817	1457	596	1782	1561	605	639
597	5	1537	967	597	1111	157
598	2	598	1095
599	7	1569	1157	134	1575	246	599	638
600	2	600	1516
601	3	601	786	1809
602	1	602
603	1	603
604	4	1963	604	101	2229
605	8	303	817	1457	596	1782	1561	605	639
606	10	738	1059	357	523	172	268	1644	2163	1366	606
607	1	607
608	1	608
609	5	609	70	1417	1102	665
610	4	2449	610	405	399
611	3	992	611	1200
612	1	612
613	5	613	1080	697	862	1375
614	2	1961	614
615	1	615
616	13	96	2017	997	616	2380	365	462	941	1619	1910	119	2042	379
617	1	617
618	3	618	181	1925
619	5	2081	361	1322	619	622
620	4	2330	771	620	1294
621	1	621
622	5	2081	361	1322	619	622
623	5	69	73	1033	623	1075
624	3	432	2244	624
625	2	625	2034
626	3	2281	626	804
627	6	1442	1348	2245	71	137	627
628	1	628
629	8	168	2089	298	45	2062	245	629	1630
630	2	595	630
631	6	631	1483	206	1331	1815	1977
632	1	632
633	8	2406	459	1529	1582	1838	147	633	1884
634	22	1280	1036	783	414	927	808	2350	687	2225	178	569	2366	718	2127	1233	477	742	1259	2027	1651	634	1276
635	2	635	1260
636	18	544	636	2051	1852	2440	139	1580	2283	1456	2418	724	1589	502	23	1914	2459	284	2142
637	18	2466	1987	645	1415	1757	1863	874	654	1392	50	1301	726	55	728	1270	2009	637	1367
638	7	1569	1157	134	1575	246	599	638
639	8	303	817	1457	596	1782	1561	605	639
640	9	640	2401	327	2157	1614	244	982	1150	1983
641	3	641	827	2372
642	1	642
643	9	98	643	2184	1226	109	719	1202	180	2047
644	1	644
645	18	2466	1987	645	1415	1757	1863	874	654	1392	50	1301	726	55	728	1270	2009	637	1367
646	1	646
647	1	647
648	4	648	690	971	479
649	4	649	2002	1387	2125
650	3	345	650	974
651	3	1440	651	837
652	2	2058	652
653	1	653
654	18	2466	1987	645	1415	1757	1863	874	654	1392	50	1301	726	55	728	1270	2009	637	1367
655	4	1992	988	1831	655
656	7	705	262	2217	554	656	1232	148
657	7	1408	1891	1316	657	2264	1310	1727
658	2	586	658
659	4	674	394	659	1214
660	3	1921	794	660
661	5	386	1708	1745	661	1429
662	1	662
663	3	1929	1034	663
664	1	664
665	5	609	70	1417	1102	665
666	1	666
667	1	667
668	1	668
669	1	669
670	1	670
671	5	541	1011	2394	1341	671
672	9	672	2211	1572	875	1995	2481	25	2044	2335
673	4	673	1899	1492	133
674	4	674	394	659	1214
675	1	675
676	3	1779	676	2356
677	1	677
678	3	1730	1974	678
679	6	1505	679	2224	2353	189	1567
680	4	680	33	130	1985
681	2	681	1273
682	3	1632	682	964
683	1	683
684	4	81	2474	684	855
685	1	685
686	3	2250	2085	686
687	22	1280	1036	783	414	927	808	2350	687	2225	178	569	2366	718	2127	1233	477	742	1259	2027	1651	634	1276
688	3	688	930	2311
689	4	689	241	579	308
690	4	648	690	971	479
691	1	691
692	2	1217	692
693	3	51	693	1031
694	1	694
695	5	1798	938	946	695	511
696	8	135	908	696	1330	1746	1591	216	2461
697	5	613	1080	697	862	1375
698	1	698
699	6	166	1001	780	213	699	2013
700	4	1980	1291	700	2030
701	1	701
702	1	702
703	1	703
704	1	704
705	7	705	262	2217	554	656	1232	148
706	1	706
707	4	24	1139	707	2133
708	2	2208	708
709	1	709
710	1	710
711	1	711
712	2	712	169
713	2	713	1565
714	6	714	235	1360	185	27	2396
715	1	715
716	3	1721	1468	716
717	2	770	717
718	22	1280	1036	783	414	927	808	2350	687	2225	178	569	2366	718	2127	1233	477	742	1259	2027	1651	634	1276
719	9	98	643	2184	1226	109	719	1202	180	2047
720	2	720	215
721	5	1568	38	1676	721	2388
722	6	2177	1154	2149	330	722	2431
723	6	1617	723	1460	568	409	126
724	18	544	636	2051	1852	2440	139	1580	2283	1456	2418	724	1589	502	23	1914	2459	284	2142
725	1	725
726	18	2466	1987	645	1415	1757	1863	874	654	1392	50	1301	726	55	728	1270	2009	637	1367
727	2	990	727
728	18	2466	1987	645	1415	1757	1863	874	654	1392	50	1301	726	55	728	1270	2009	637	1367
729	3	729	1653	958
730	9	513	1857	1253	1140	2261	2423	1913	730	796
731	1	731
732	1	732
733	7	1764	1349	2471	142	1998	1048	733
734	2	1981	734
735	1	735
736	8	736	1570	1155	368	2321	115	1336	156
737	1	737
738	10	738	1059	357	523	172	268	1644	2163	1366	606
739	6	962	739	552	2066	1719	1563
740	2	740	47
741	1	741
742	22	1280	1036	783	414	927	808	2350	687	2225	178	569	2366	718	2127	1233	477	742	1259	2027	1651	634	1276
743	2	521	743
744	1	744
745	3	745	1922	124
746	1	746
747	7	100	10	747	2186	2190	1850	1502
748	7	325	2277	748	590	762	1307	30
749	2	749	293
750	1	750
751	1	751
752	4	752	1002	2014	2450
753	2	753	2071
754	7	1058	1827	1067	754	2168	2077	1087
755	1	755
756	4	1682	756	1647	1623
757	1	757
758	1	758
759	1	759
760	1	760
761	3	761	1446	1175
762	7	325	2277	748	590	762	1307	30
763	3	466	763	2467
764	6	1510	1871	80	850	891	764
765	18	2455	2274	1284	553	42	1545	2410	1773	1807	2257	851	787	1940	1335	1722	1916	765	1279
766	5	1509	2286	1679	889	766
767	1	767
768	1	768
769	1	769
770	2	770	717
771	4	2330	771	620	1294
772	6	772	2021	136	338	475	1023
773	3	953	1338	773
774	3	1571	2148	774
775	3	1105	910	775
776	1	776
777	1	777
778	1	778
779	1	779
780	6	166	1001	780	213	699	2013
781	1	781
782	1	782
783	22	1280	1036	783	414	927	808	2350	687	2225	178	569	2366	718	2127	1233	477	742	1259	2027	1651	634	1276
784	4	784	2409	2018	1957
785	1	785
786	3	601	786	1809
787	18	2455	2274	1284	553	42	1545	2410	1773	1807	2257	851	787	1940	1335	1722	1916	765	1279
788	1	788
789	1	789
790	3	116	790	1751
791	5	1315	791	2075	893	1343
792	1	792
793	1	793
794	3	1921	794	660
795	1	795
796	9	513	1857	1253	1140	2261	2423	1913	730	796
797	7	1578	2060	1777	1236	2365	797	2078
798	1	798
799	2	2003	799
800	2	320	800
801	1	801
802	2	802	423
803	3	1403	114	803
804	3	2281	626	804
805	1	805
806	4	2456	1996	196	806
807	1	807
808	22	1280	1036	783	414	927	808	2350	687	2225	178	569	2366	718	2127	1233	477	742	1259	2027	1651	634	1276
809	1	809
810	2	1768	810
811	3	811	1084	963
812	10	899	1894	812	398	1873	18	1010	1237	282	1437
813	1	813
814	1	814
815	5	1665	1837	1517	815	856
816	5	2310	1640	816	186	1759
817	8	303	817	1457	596	1782	1561	605	639
818	1	818
819	1	819
820	2	332	820
821	1	821
822	3	1170	2052	822
823	2	505	823
824	2	824	188
825	3	472	825	2411
826	1	826
827	3	641	827	2372
828	1	828
829	1	829
830	2	2331	830
831	6	1541	426	141	2486	442	831
832	8	576	832	1602	1124	300	1101	983	1533
833	1	833
834	5	1	834	968	1555	350
835	1	835
836	4	1606	836	1110	2214
837	3	1440	651	837
838	1	838
839	3	272	1037	839
840	3	840	1769	220
841	1	841
842	4	504	842	1612	1820
843	1	843
844	5	1216	2116	2057	844	563
845	1	845
846	1	846
847	3	1795	348	847
848	5	1444	969	848	2325	2045
849	5	328	585	849	1524	1272
850	6	1510	1871	80	850	891	764
851	18	2455	2274	1284	553	42	1545	2410	1773	1807	2257	851	787	1940	1335	1722	1916	765	1279
852	1	852
853	1	853
854	1	854
855	4	81	2474	684	855
856	5	1665	1837	1517	815	856
857	1	857
858	4	1386	858	37	1118
859	1	859
860	4	1792	2385	2096	860
861	1	861
862	5	613	1080	697	862	1375
863	10	1025	226	2280	972	2253	947	2263	1817	158	863
864	2	336	864
865	2	865	1378
866	6	160	2305	418	866	1230	446
867	1	867
868	19	2242	868	261	1320	1147	524	1581	2158	2316	400	944	1212	1299	2100	1205	2266	187	92	2463
869	2	869	2038
870	3	1328	1641	870
871	6	385	2	871	1354	2354	1592
872	1	872
873	1	873
874	18	2466	1987	645	1415	1757	1863	874	654	1392	50	1301	726	55	728	1270	2009	637	1367
875	9	672	2211	1572	875	1995	2481	25	2044	2335
876	1	876
877	2	2488	877
878	1	878
879	8	2371	1350	1193	879	143	565	247	410
880	1	880
881	1	881
882	1	882
883	1	883
884	2	1946	884
885	1	885
886	6	931	1573	1705	2441	2063	886
887	1	887
888	1	888
889	5	1509	2286	1679	889	766
890	1	890
891	6	1510	1871	80	850	891	764
892	2	892	1463
893	5	1315	791	2075	893	1343
894	1	894
895	4	1480	2377	1550	895
896	4	896	2312	402	404
897	3	897	1959	1015
898	3	898	436	1005
899	10	899	1894	812	398	1873	18	1010	1237	282	1437
900	3	1419	900	374
901	2	2069	901
902	2	1019	902
903	2	1668	903
904	1	904
905	1	905
906	1	906
907	7	2309	907	2000	82	277	1047	1599
908	8	135	908	696	1330	1746	1591	216	2461
909	4	570	515	2370	909
910	3	1105	910	775
911	1	911
912	1	912
913	1	913
914	1	914
915	3	915	2341	1190
916	1	916
917	3	1176	1051	917
918	3	2032	918	238
919	2	2153	919
920	8	1952	1094	1262	1937	2289	275	920	2172
921	4	1970	921	90	1162
922	1	922
923	3	1816	250	923
924	1	924
925	1	925
926	1	926
927	22	1280	1036	783	414	927	808	2350	687	2225	178	569	2366	718	2127	1233	477	742	1259	2027	1651	634	1276
928	1	928
929	1	929
930	3	688	930	2311
931	6	931	1573	1705	2441	2063	886
932	2	2360	932
933	1	933
934	1	934
935	1	935
936	1	936
937	1	937
938	5	1798	938	946	695	511
939	1	939
940	1	940
941	13	96	2017	997	616	2380	365	462	941	1619	1910	119	2042	379
942	6	2020	519	1737	942	2031	1334
943	3	208	260	943
944	19	2242	868	261	1320	1147	524	1581	2158	2316	400	944	1212	1299	2100	1205	2266	187	92	2463
945	1	945
946	5	1798	938	946	695	511
947	10	1025	226	2280	972	2253	947	2263	1817	158	863
948	3	948	2123	164
949	2	2138	949
950	1	950
951	1	951
952	1	952
953	3	953	1338	773
954	2	296	954
955	1	955
956	3	2105	162	956
957	1	957
958	3	729	1653	958
959	3	2054	1774	959
960	1	960
961	3	961	354	419
962	6	962	739	552	2066	1719	1563
963	3	811	1084	963
964	3	1632	682	964
965	2	965	1135
966	3	1490	1805	966
967	5	1537	967	597	1111	157
968	5	1	834	968	1555	350
969	5	1444	969	848	2325	2045
970	5	2279	970	1227	2445	2067
971	4	648	690	971	479
972	10	1025	226	2280	972	2253	947	2263	1817	158	863
973	1	973
974	3	345	650	974
975	1	975
976	1	976
977	3	2016	977	1451
978	3	978	580	2092
979	1	979
980	1	980
981	1	981
982	9	640	2401	327	2157	1614	244	982	1150	1983
983	8	576	832	1602	1124	300	1101	983	1533
984	5	1413	269	1174	984	1691
985	1	985
986	1	986
987	1	987
988	4	1992	988	1831	655
989	1	989
990	2	990	727
991	4	1289	1396	77	991
992	3	992	611	1200
993	2	993	1923
994	2	994	1165
995	1	995
996	4	1657	2297	996	389
997	13	96	2017	997	616	2380	365	462	941	1619	1910	119	2042	379
998	1	998
999	2	1241	999
1000	1	1000
1001	6	166	1001	780	213	699	2013
1002	4	752	1002	2014	2450
1003	5	1953	1003	304	1525	2491
1004	1	1004
1005	3	898	436	1005
1006	4	1698	1643	1006	151
1007	1	1007
1008	3	1008	1530	131
1009	1	1009
1010	10	899	1894	812	398	1873	18	1010	1237	282	1437
1011	5	541	1011	2394	1341	671
1012	1	1012
1013	1	1013
1014	4	209	67	1365	1014
1015	3	897	1959	1015
1016	2	1016	383
1017	1	1017
1018	1	1018
1019	2	1019	902
1020	3	329	1020	1327
1021	1	1021
1022	6	1056	2160	2483	1022	2104	318
1023	6	772	2021	136	338	475	1023
1024	4	1024	2282	1547	140
1025	10	1025	226	2280	972	2253	947	2263	1817	158	863
1026	1	1026
1027	1	1027
1028	2	1137	1028
1029	3	1841	306	1029
1030	3	1144	2480	1030
1031	3	51	693	1031
1032	1	1032
1033	5	69	73	1033	623	1075
1034	3	1929	1034	663
1035	2	1035	214
1036	22	1280	1036	783	414	927	808	2350	687	2225	178	569	2366	718	2127	1233	477	742	1259	2027	1651	634	1276
1037	3	272	1037	839
1038	1	1038
1039	1	1039
1040	5	494	1040	2036	153	1469
1041	5	2209	1041	2035	2327	2489
1042	2	377	1042
1043	1	1043
1044	3	210	1044	2198
1045	1	1045
1046	1	1046
1047	7	2309	907	2000	82	277	1047	1599
1048	7	1764	1349	2471	142	1998	1048	733
1049	7	128	1201	2364	1049	2202	1787	2332
1050	4	1050	2028	1053	1966
1051	3	1176	1051	917
1052	1	1052
1053	4	1050	2028	1053	1966
1054	1	1054
1055	1	1055
1056	6	1056	2160	2483	1022	2104	318
1057	1	1057
1058	7	1058	1827	1067	754	2168	2077	1087
1059	10	738	1059	357	523	172	268	1644	2163	1366	606
1060	1	1060
1061	1	1061
1062	1	1062
1063	3	1752	1661	1063
1064	1	1064
1065	6	1600	481	1065	1710	2199	317
1066	5	35	1066	2128	1851	1566
1067	7	1058	1827	1067	754	2168	2077	1087
1068	3	2210	1068	2454
1069	1	1069
1070	2	307	1070
1071	1	1071
1072	4	256	1072	1762	1277
1073	1	1073
1074	2	1074	1514
1075	5	69	73	1033	623	1075
1076	6	1967	1489	1842	1076	1401	1438
1077	3	1185	236	1077
1078	5	2478	1879	1877	1718	1078
1079	2	420	1079
1080	5	613	1080	697	862	1375
1081	1	1081
1082	1	1082
1083	2	1905	1083
1084	3	811	1084	963
1085	2	146	1085
1086	1	1086
1087	7	1058	1827	1067	754	2168	2077	1087
1088	1	1088
1089	5	2464	1089	4	1994	1527
1090	7	1218	1090	2414	2065	1715	1239	2206
1091	1	1091
1092	3	2008	1187	1092
1093	1	1093
1094	8	1952	1094	1262	1937	2289	275	920	2172
1095	2	598	1095
1096	2	1096	2492
1097	1	1097
1098	1	1098
1099	1	1099
1100	2	194	1100
1101	8	576	832	1602	1124	300	1101	983	1533
1102	5	609	70	1417	1102	665
1103	1	1103
1104	1	1104
1105	3	1105	910	775
1106	1	1106
1107	1	1107
1108	1	1108
1109	2	2141	1109
1110	4	1606	836	1110	2214
1111	5	1537	967	597	1111	157
1112	3	1112	225	207
1113	1	1113
1114	3	1888	1114	1427
1115	1	1115
1116	2	1355	1116
1117	1	1117
1118	4	1386	858	37	1118
1119	1	1119
1120	1	1120
1121	1	1121
1122	1	1122
1123	5	1123	581	295	2189	1678
1124	8	576	832	1602	1124	300	1101	983	1533
1125	1	1125
1126	1	1126
1127	6	1222	1127	1675	333	2236	1309
1128	1	1128
1129	2	1129	1183
1130	3	1130	1564	1654
1131	1	1131
1132	1	1132
1133	6	1184	578	292	2056	1133	2333
1134	5	1293	1134	79	1786	287
1135	2	965	1135
1136	2	1136	362
1137	2	1137	1028
1138	2	1138	1410
1139	4	24	1139	707	2133
1140	9	513	1857	1253	1140	2261	2423	1913	730	796
1141	1	1141
1142	1	1142
1143	1	1143
1144	3	1144	2480	1030
1145	2	1145	1849
1146	1	1146
1147	19	2242	868	261	1320	1147	524	1581	2158	2316	400	944	1212	1299	2100	1205	2266	187	92	2463
1148	1	1148
1149	2	424	1149
1150	9	640	2401	327	2157	1614	244	982	1150	1983
1151	1	1151
1152	1	1152
1153	1	1153
1154	6	2177	1154	2149	330	722	2431
1155	8	736	1570	1155	368	2321	115	1336	156
1156	2	1234	1156
1157	7	1569	1157	134	1575	246	599	638
1158	2	259	1158
1159	4	2361	1364	1765	1159
1160	2	1160	1459
1161	1	1161
1162	4	1970	921	90	1162
1163	1	1163
1164	3	1164	1540	255
1165	2	994	1165
1166	4	1208	2145	1166	2382
1167	1	1167
1168	3	1168	2040	1789
1169	1	1169
1170	3	1170	2052	822
1171	1	1171
1172	1	1172
1173	1	1173
1174	5	1413	269	1174	984	1691
1175	3	761	1446	1175
1176	3	1176	1051	917
1177	1	1177
1178	1	1178
1179	1	1179
1180	5	2243	1383	203	2358	1180
1181	1	1181
1182	2	1182	2479
1183	2	1129	1183
1184	6	1184	578	292	2056	1133	2333
1185	3	1185	236	1077
1186	1	1186
1187	3	2008	1187	1092
1188	1	1188
1189	4	1864	1810	372	1189
1190	3	915	2341	1190
1191	1	1191
1192	3	1192	1856	2294
1193	8	2371	1350	1193	879	143	565	247	410
1194	1	1194
1195	1	1195
1196	1	1196
1197	1	1197
1198	1	1198
1199	1	1199
1200	3	992	611	1200
1201	7	128	1201	2364	1049	2202	1787	2332
1202	9	98	643	2184	1226	109	719	1202	180	2047
1203	3	1513	1203	2275
1204	1	1204
1205	19	2242	868	261	1320	1147	524	1581	2158	2316	400	944	1212	1299	2100	1205	2266	187	92	2463
1206	1	1206
1207	2	1696	1207
1208	4	1208	2145	1166	2382
1209	1	1209
1210	1	1210
1211	3	1506	1211	1405
1212	19	2242	868	261	1320	1147	524	1581	2158	2316	400	944	1212	1299	2100	1205	2266	187	92	2463
1213	1	1213
1214	4	674	394	659	1214
1215	5	335	1393	2098	2097	1215
1216	5	1216	2116	2057	844	563
1217	2	1217	692
1218	7	1218	1090	2414	2065	1715	1239	2206
1219	2	2448	1219
1220	3	1220	60	2102
1221	4	144	1667	1221	1747
1222	6	1222	1127	1675	333	2236	1309
1223	2	2395	1223
1224	2	1224	1825
1225	2	1225	518
1226	9	98	643	2184	1226	109	719	1202	180	2047
1227	5	2279	970	1227	2445	2067
1228	3	1363	1228	2429
1229	8	2432	1833	1706	1739	1770	1229	1261	461
1230	6	160	2305	418	866	1230	446
1231	4	2260	228	1583	1231
1232	7	705	262	2217	554	656	1232	148
1233	22	1280	1036	783	414	927	808	2350	687	2225	178	569	2366	718	2127	1233	477	742	1259	2027	1651	634	1276
1234	2	1234	1156
1235	1	1235
1236	7	1578	2060	1777	1236	2365	797	2078
1237	10	899	1894	812	398	1873	18	1010	1237	282	1437
1238	4	1296	1238	382	1247
1239	7	1218	1090	2414	2065	1715	1239	2206
1240	1	1240
1241	2	1241	999
1242	2	1242	1611
1243	3	193	1243	2390
1244	1	1244
1245	1	1245
1246	7	1312	484	281	204	1845	57	1246
1247	4	1296	1238	382	1247
1248	4	1248	2344	499	1732
1249	2	1249	566
1250	1	1250
1251	1	1251
1252	2	2041	1252
1253	9	513	1857	1253	1140	2261	2423	1913	730	796
1254	1	1254
1255	1	1255
1256	1	1256
1257	2	1257	1507
1258	3	1258	413	2430
1259	22	1280	1036	783	414	927	808	2350	687	2225	178	569	2366	718	2127	1233	477	742	1259	2027	1651	634	1276
1260	2	635	1260
1261	8	2432	1833	1706	1739	1770	1229	1261	461
1262	8	1952	1094	1262	1937	2289	275	920	2172
1263	5	2176	2278	1263	1428	2234
1264	1	1264
1265	1	1265
1266	1	1266
1267	1	1267
1268	4	1673	434	1268	2497
1269	3	1269	1325	165
1270	18	2466	1987	645	1415	1757	1863	874	654	1392	50	1301	726	55	728	1270	2009	637	1367
1271	1	1271
1272	5	328	585	849	1524	1272
1273	2	681	1273
1274	3	1274	1853	1638
1275	1	1275
1276	22	1280	1036	783	414	927	808	2350	687	2225	178	569	2366	718	2127	1233	477	742	1259	2027	1651	634	1276
1277	4	256	1072	1762	1277
1278	1	1278
1279	18	2455	2274	1284	553	42	1545	2410	1773	1807	2257	851	787	1940	1335	1722	1916	765	1279
1280	22	1280	1036	783	414	927	808	2350	687	2225	178	569	2366	718	2127	1233	477	742	1259	2027	1651	634	1276
1281	1	1281
1282	8	1282	1475	2114	40	2252	366	497	2419
1283	1	1283
1284	18	2455	2274	1284	553	42	1545	2410	1773	1807	2257	851	787	1940	1335	1722	1916	765	1279
1285	1	1285
1286	1	1286
1287	2	2112	1287
1288	5	356	517	1288	1621	2111
1289	4	1289	1396	77	991
1290	3	1290	2415	1999
1291	4	1980	1291	700	2030
1292	1	1292
1293	5	1293	1134	79	1786	287
1294	4	2330	771	620	1294
1295	1	1295
1296	4	1296	1238	382	1247
1297	4	2272	1297	132	2134
1298	1	1298
1299	19	2242	868	261	1320	1147	524	1581	2158	2316	400	944	1212	1299	2100	1205	2266	187	92	2463
1300	2	2465	1300
1301	18	2466	1987	645	1415	1757	1863	874	654	1392	50	1301	726	55	728	1270	2009	637	1367
1302	1	1302
1303	1	1303
1304	7	0	556	13	1425	2262	535	1304
1305	1	1305
1306	1	1306
1307	7	325	2277	748	590	762	1307	30
1308	1	1308
1309	6	1222	1127	1675	333	2236	1309
1310	7	1408	1891	1316	657	2264	1310	1727
1311	2	1311	375
1312	7	1312	484	281	204	1845	57	1246
1313	1	1313
1314	1	1314
1315	5	1315	791	2075	893	1343
1316	7	1408	1891	1316	657	2264	1310	1727
1317	1	1317
1318	1	1318
1319	4	1826	2107	1702	1319
1320	19	2242	868	261	1320	1147	524	1581	2158	2316	400	944	1212	1299	2100	1205	2266	187	92	2463
1321	1	1321
1322	5	2081	361	1322	619	622
1323	1	1323
1324	1	1324
1325	3	1269	1325	165
1326	1	1326
1327	3	329	1020	1327
1328	3	1328	1641	870
1329	1	1329
1330	8	135	908	696	1330	1746	1591	216	2461
1331	6	631	1483	206	1331	1815	1977
1332	1	1332
1333	2	1960	1333
1334	6	2020	519	1737	942	2031	1334
1335	18	2455	2274	1284	553	42	1545	2410	1773	1807	2257	851	787	1940	1335	1722	1916	765	1279
1336	8	736	1570	1155	368	2321	115	1336	156
1337	1	1337
1338	3	953	1338	773
1339	1	1339
1340	1	1340
1341	5	541	1011	2394	1341	671
1342	2	1741	1342
1343	5	1315	791	2075	893	1343
1344	1	1344
1345	6	1345	1889	1738	1997	1652	341
1346	1	1346
1347	1	1347
1348	6	1442	1348	2245	71	137	627
1349	7	1764	1349	2471	142	1998	1048	733
1350	8	2371	1350	1193	879	143	565	247	410
1351	1	1351
1352	1	1352
1353	1	1353
1354	6	385	2	871	1354	2354	1592
1355	2	1355	1116
1356	1	1356
1357	1	1357
1358	2	562	1358
1359	1	1359
1360	6	714	235	1360	185	27	2396
1361	1	1361
1362	1	1362
1363	3	1363	1228	2429
1364	4	2361	1364	1765	1159
1365	4	209	67	1365	1014
1366	10	738	1059	357	523	172	268	1644	2163	1366	606
1367	18	2466	1987	645	1415	1757	1863	874	654	1392	50	1301	726	55	728	1270	2009	637	1367
1368	2	1368	1760
1369	1	1369
1370	2	145	1370
1371	1	1371
1372	2	1372	2422
1373	1	1373
1374	2	1374	1743
1375	5	613	1080	697	862	1375
1376	1	1376
1377	6	1377	201	364	2420	2106	2270
1378	2	865	1378
1379	1	1379
1380	8	1380	1766	2182	360	2495	1548	2477	1887
1381	1	1381
1382	1	1382
1383	5	2243	1383	203	2358	1180
1384	1	1384
1385	1	1385
1386	4	1386	858	37	1118
1387	4	649	2002	1387	2125
1388	1	1388
1389	2	1389	1701
1390	7	1504	2328	1390	2194	2132	2165	1496
1391	2	1804	1391
1392	18	2466	1987	645	1415	1757	1863	874	654	1392	50	1301	726	55	728	1270	2009	637	1367
1393	5	335	1393	2098	2097	1215
1394	2	1394	334
1395	1	1395
1396	4	1289	1396	77	991
1397	2	1397	117
1398	2	1398	575
1399	1	1399
1400	6	1876	438	1400	473	2170	28
1401	6	1967	1489	1842	1076	1401	1438
1402	6	2086	425	2219	2033	1976	1402
1403	3	1403	114	803
1404	3	2307	1404	150
1405	3	1506	1211	1405
1406	1	1406
1407	1	1407
1408	7	1408	1891	1316	657	2264	1310	1727
1409	4	1784	1409	2227	223
1410	2	1138	1410
1411	1	1411
1412	2	1412	2375
1413	5	1413	269	1174	984	1691
1414	4	2048	2362	1414	1503
1415	18	2466	1987	645	1415	1757	1863	874	654	1392	50	1301	726	55	728	1270	2009	637	1367
1416	1	1416
1417	5	609	70	1417	1102	665
1418	1	1418
1419	3	1419	900	374
1420	6	388	2119	1420	15	243	2228
1421	1	1421
1422	1	1422
1423	1	1423
1424	4	1424	2339	1539	1664
1425	7	0	556	13	1425	2262	535	1304
1426	2	1426	1461
1427	3	1888	1114	1427
1428	5	2176	2278	1263	1428	2234
1429	5	386	1708	1745	661	1429
1430	1	1430
1431	1	1431
1432	4	1432	2093	452	540
1433	1	1433
1434	3	32	1434	1494
1435	1	1435
1436	1	1436
1437	10	899	1894	812	398	1873	18	1010	1237	282	1437
1438	6	1967	1489	1842	1076	1401	1438
1439	1	1439
1440	3	1440	651	837
1441	1	1441
1442	6	1442	1348	2245	71	137	627
1443	1	1443
1444	5	1444	969	848	2325	2045
1445	6	1445	2122	2347	279	2329	2271
1446	3	761	1446	1175
1447	1	1447
1448	1	1448
1449	1	1449
1450	1	1450
1451	3	2016	977	1451
1452	1	1452
1453	2	2129	1453
1454	1	1454
1455	1	1455
1456	18	544	636	2051	1852	2440	139	1580	2283	1456	2418	724	1589	502	23	1914	2459	284	2142
1457	8	303	817	1457	596	1782	1561	605	639
1458	1	1458
1459	2	1160	1459
1460	6	1617	723	1460	568	409	126
1461	2	1426	1461
1462	1	1462
1463	2	892	1463
1464	1	1464
1465	1	1465
1466	1	1466
1467	1	1467
1468	3	1721	1468	716
1469	5	494	1040	2036	153	1469
1470	1	1470
1471	1	1471
1472	1	1472
1473	5	1473	1771	2384	564	2103
1474	2	1978	1474
1475	8	1282	1475	2114	40	2252	366	497	2419
1476	1	1476
1477	1	1477
1478	3	2268	516	1478
1479	1	1479
1480	4	1480	2377	1550	895
1481	2	1481	2295
1482	1	1482
1483	6	631	1483	206	1331	1815	1977
1484	1	1484
1485	1	1485
1486	1	1486
1487	1	1487
1488	1	1488
1489	6	1967	1489	1842	1076	1401	1438
1490	3	1490	1805	966
1491	1	1491
1492	4	673	1899	1492	133
1493	1	1493
1494	3	32	1434	1494
1495	1	1495
1496	7	1504	2328	1390	2194	2132	2165	1496
1497	1	1497
1498	1	1498
1499	1	1499
1500	2	1755	1500
1501	1	1501
1502	7	100	10	747	2186	2190	1850	1502
1503	4	2048	2362	1414	1503
1504	7	1504	2328	1390	2194	2132	2165	1496
1505	6	1505	679	2224	2353	189	1567
1506	3	1506	1211	1405
1507	2	1257	1507
1508	1	1508
1509	5	1509	2286	1679	889	766
1510	6	1510	1871	80	850	891	764
1511	2	2022	1511
1512	4	1512	283	2144	1597
1513	3	1513	1203	2275
1514	2	1074	1514
1515	1	1515
1516	2	600	1516
1517	5	1665	1837	1517	815	856
1518	1	1518
1519	1	1519
1520	1	1520
1521	2	1521	2023
1522	1	1522
1523	1	1523
1524	5	328	585	849	1524	1272
1525	5	1953	1003	304	1525	2491
1526	2	1928	1526
1527	5	2464	1089	4	1994	1527
1528	1	1528
1529	8	2406	459	1529	1582	1838	147	633	1884
1530	3	1008	1530	131
1531	1	1531
1532	1	1532
1533	8	576	832	1602	1124	300	1101	983	1533
1534	1	1534
1535	1	1535
1536	1	1536
1537	5	1537	967	597	1111	157
1538	1	1538
1539	4	1424	2339	1539	1664
1540	3	1164	1540	255
1541	6	1541	426	141	2486	442	831
1542	3	2400	1835	1542
1543	3	2337	202	1543
1544	2	1544	1806
1545	18	2455	2274	1284	553	42	1545	2410	1773	1807	2257	851	787	1940	1335	1722	1916	765	1279
1546	1	1546
1547	4	1024	2282	1547	140
1548	8	1380	1766	2182	360	2495	1548	2477	1887
1549	1	1549
1550	4	1480	2377	1550	895
1551	1	1551
1552	1	1552
1553	1	1553
1554	1	1554
1555	5	1	834	968	1555	350
1556	1	1556
1557	1	1557
1558	4	1595	59	1558	183
1559	2	1775	1559
1560	1	1560
1561	8	303	817	1457	596	1782	1561	605	639
1562	1	1562
1563	6	962	739	552	2066	1719	1563
1564	3	1130	1564	1654
1565	2	713	1565
1566	5	35	1066	2128	1851	1566
1567	6	1505	679	2224	2353	189	1567
1568	5	1568	38	1676	721	2388
1569	7	1569	1157	134	1575	246	599	638
1570	8	736	1570	1155	368	2321	115	1336	156
1571	3	1571	2148	774
1572	9	672	2211	1572	875	1995	2481	25	2044	2335
1573	6	931	1573	1705	2441	2063	886
1574	1	1574
1575	7	1569	1157	134	1575	246	599	638
1576	1	1576
1577	1	1577
1578	7	1578	2060	1777	1236	2365	797	2078
1579	2	1585	1579
1580	18	544	636	2051	1852	2440	139	1580	2283	1456	2418	724	1589	502	23	1914	2459	284	2142
1581	19	2242	868	261	1320	1147	524	1581	2158	2316	400	944	1212	1299	2100	1205	2266	187	92	2463
1582	8	2406	459	1529	1582	1838	147	633	1884
1583	4	2260	228	1583	1231
1584	1	1584
1585	2	1585	1579
1586	1	1586
1587	1	1587
1588	1	1588
1589	18	544	636	2051	1852	2440	139	1580	2283	1456	2418	724	1589	502	23	1914	2459	284	2142
1590	1	1590
1591	8	135	908	696	1330	1746	1591	216	2461
1592	6	385	2	871	1354	2354	1592
1593	1	1593
1594	1	1594
1595	4	1595	59	1558	183
1596	1	1596
1597	4	1512	283	2144	1597
1598	2	1598	1711
1599	7	2309	907	2000	82	277	1047	1599
1600	6	1600	481	1065	1710	2199	317
1601	1	1601
1602	8	576	832	1602	1124	300	1101	983	1533
1603	1	1603
1604	2	248	1604
1605	1	1605
1606	4	1606	836	1110	2214
1607	1	1607
1608	1	1608
1609	1	1609
1610	1	1610
1611	2	1242	1611
1612	4	504	842	1612	1820
1613	1	1613
1614	9	640	2401	327	2157	1614	244	982	1150	1983
1615	1	1615
1616	2	1616	2345
1617	6	1617	723	1460	568	409	126
1618	1	1618
1619	13	96	2017	997	616	2380	365	462	941	1619	1910	119	2042	379
1620	1	1620
1621	5	356	517	1288	1621	2111
1622	1	1622
1623	4	1682	756	1647	1623
1624	1	1624
1625	3	1625	1897	1639
1626	2	1626	2061
1627	1	1627
1628	1	1628
1629	1	1629
1630	8	168	2089	298	45	2062	245	629	1630
1631	1	1631
1632	3	1632	682	964
1633	1	1633
1634	2	2473	1634
1635	1	1635
1636	1	1636
1637	1	1637
1638	3	1274	1853	1638
1639	3	1625	1897	1639
1640	5	2310	1640	816	186	1759
1641	3	1328	1641	870
1642	1	1642
1643	4	1698	1643	1006	151
1644	10	738	1059	357	523	172	268	1644	2163	1366	606
1645	1	1645
1646	1	1646
1647	4	1682	756	1647	1623
1648	1	1648
1649	1	1649
1650	2	112	1650
1651	22	1280	1036	783	414	927	808	2350	687	2225	178	569	2366	718	2127	1233	477	742	1259	2027	1651	634	1276
1652	6	1345	1889	1738	1997	1652	341
1653	3	729	1653	958
1654	3	1130	1564	1654
1655	1	1655
1656	1	1656
1657	4	1657	2297	996	389
1658	1	1658
1659	2	1659	2287
1660	1	1660
1661	3	1752	1661	1063
1662	1	1662
1663	2	593	1663
1664	4	1424	2339	1539	1664
1665	5	1665	1837	1517	815	856
1666	1	1666
1667	4	144	1667	1221	1747
1668	2	1668	903
1669	2	1924	1669
1670	1	1670
1671	1	1671
1672	1	1672
1673	4	1673	434	1268	2497
1674	1	1674
1675	6	1222	1127	1675	333	2236	1309
1676	5	1568	38	1676	721	2388
1677	1	1677
1678	5	1123	581	295	2189	1678
1679	5	1509	2286	1679	889	766
1680	1	1680
1681	1	1681
1682	4	1682	756	1647	1623
1683	1	1683
1684	1	1684
1685	1	1685
1686	1	1686
1687	5	1984	2120	1687	312	2458
1688	4	1688	195	1944	1695
1689	1	1689
1690	1	1690
1691	5	1413	269	1174	984	1691
1692	1	1692
1693	1	1693
1694	1	1694
1695	4	1688	195	1944	1695
1696	2	1696	1207
1697	2	129	1697
1698	4	1698	1643	1006	151
1699	1	1699
1700	1	1700
1701	2	1389	1701
1702	4	1826	2107	1702	1319
1703	2	2381	1703
1704	1	1704
1705	6	931	1573	1705	2441	2063	886
1706	8	2432	1833	1706	1739	1770	1229	1261	461
1707	1	1707
1708	5	386	1708	1745	661	1429
1709	2	1986	1709
1710	6	1600	481	1065	1710	2199	317
1711	2	1598	1711
1712	1	1712
1713	3	113	1713	1958
1714	1	1714
1715	7	1218	1090	2414	2065	1715	1239	2206
1716	1	1716
1717	1	1717
1718	5	2478	1879	1877	1718	1078
1719	6	962	739	552	2066	1719	1563
1720	2	1720	2416
1721	3	1721	1468	716
1722	18	2455	2274	1284	553	42	1545	2410	1773	1807	2257	851	787	1940	1335	1722	1916	765	1279
1723	1	1723
1724	1	1724
1725	1	1725
1726	1	1726
1727	7	1408	1891	1316	657	2264	1310	1727
1728	1	1728
1729	1	1729
1730	3	1730	1974	678
1731	2	2218	1731
1732	4	1248	2344	499	1732
1733	1	1733
1734	2	1964	1734
1735	3	2082	2389	1735
1736	1	1736
1737	6	2020	519	1737	942	2031	1334
1738	6	1345	1889	1738	1997	1652	341
1739	8	2432	1833	1706	1739	1770	1229	1261	461
1740	1	1740
1741	2	1741	1342
1742	1	1742
1743	2	1374	1743
1744	4	1744	2193	2249	2469
1745	5	386	1708	1745	661	1429
1746	8	135	908	696	1330	1746	1591	216	2461
1747	4	144	1667	1221	1747
1748	1	1748
1749	1	1749
1750	1	1750
1751	3	116	790	1751
1752	3	1752	1661	1063
1753	1	1753
1754	4	1754	1819	557	2231
1755	2	1755	1500
1756	1	1756
1757	18	2466	1987	645	1415	1757	1863	874	654	1392	50	1301	726	55	728	1270	2009	637	1367
1758	1	1758
1759	5	2310	1640	816	186	1759
1760	2	1368	1760
1761	2	1761	326
1762	4	256	1072	1762	1277
1763	2	1763	1947
1764	7	1764	1349	2471	142	1998	1048	733
1765	4	2361	1364	1765	1159
1766	8	1380	1766	2182	360	2495	1548	2477	1887
1767	1	1767
1768	2	1768	810
1769	3	840	1769	220
1770	8	2432	1833	1706	1739	1770	1229	1261	461
1771	5	1473	1771	2384	564	2103
1772	3	2011	1772	1781
1773	18	2455	2274	1284	553	42	1545	2410	1773	1807	2257	851	787	1940	1335	1722	1916	765	1279
1774	3	2054	1774	959
1775	2	1775	1559
1776	1	1776
1777	7	1578	2060	1777	1236	2365	797	2078
1778	1	1778
1779	3	1779	676	2356
1780	1	1780
1781	3	2011	1772	1781
1782	8	303	817	1457	596	1782	1561	605	639
1783	3	1783	3	495
1784	4	1784	1409	2227	223
1785	1	1785
1786	5	1293	1134	79	1786	287
1787	7	128	1201	2364	1049	2202	1787	2332
1788	2	1788	2118
1789	3	1168	2040	1789
1790	2	1854	1790
1791	1	1791
1792	4	1792	2385	2096	860
1793	1	1793
1794	1	1794
1795	3	1795	348	847
1796	1	1796
1797	1	1797
1798	5	1798	938	946	695	511
1799	1	1799
1800	1	1800
1801	2	1801	2428
1802	2	2368	1802
1803	1	1803
1804	2	1804	1391
1805	3	1490	1805	966
1806	2	1544	1806
1807	18	2455	2274	1284	553	42	1545	2410	1773	1807	2257	851	787	1940	1335	1722	1916	765	1279
1808	1	1808
1809	3	601	786	1809
1810	4	1864	1810	372	1189
1811	1	1811
1812	1	1812
1813	1	1813
1814	4	290	460	1814	503
1815	6	631	1483	206	1331	1815	1977
1816	3	1816	250	923
1817	10	1025	226	2280	972	2253	947	2263	1817	158	863
1818	2	1818	2299
1819	4	1754	1819	557	2231
1820	4	504	842	1612	1820
1821	1	1821
1822	1	1822
1823	3	587	428	1823
1824	2	1824	1904
1825	2	1224	1825
1826	4	1826	2107	1702	1319
1827	7	1058	1827	1067	754	2168	2077	1087
1828	1	1828
1829	2	152	1829
1830	1	1830
1831	4	1992	988	1831	655
1832	1	1832
1833	8	2432	1833	1706	1739	1770	1229	1261	461
1834	2	1834	2437
1835	3	2400	1835	1542
1836	1	1836
1837	5	1665	1837	1517	815	856
1838	8	2406	459	1529	1582	1838	147	633	1884
1839	1	1839
1840	1	1840
1841	3	1841	306	1029
1842	6	1967	1489	1842	1076	1401	1438
1843	1	1843
1844	1	1844
1845	7	1312	484	281	204	1845	57	1246
1846	1	1846
1847	2	395	1847
1848	1	1848
1849	2	1145	1849
1850	7	100	10	747	2186	2190	1850	1502
1851	5	35	1066	2128	1851	1566
1852	18	544	636	2051	1852	2440	139	1580	2283	1456	2418	724	1589	502	23	1914	2459	284	2142
1853	3	1274	1853	1638
1854	2	1854	1790
1855	2	1895	1855
1856	3	1192	1856	2294
1857	9	513	1857	1253	1140	2261	2423	1913	730	796
1858	3	1858	2076	549
1859	1	1859
1860	3	401	1907	1860
1861	1	1861
1862	1	1862
1863	18	2466	1987	645	1415	1757	1863	874	654	1392	50	1301	726	55	728	1270	2009	637	1367
1864	4	1864	1810	372	1189
1865	1	1865
1866	1	1866
1867	1	1867
1868	2	1868	358
1869	1	1869
1870	1	1870
1871	6	1510	1871	80	850	891	764
1872	1	1872
1873	10	899	1894	812	398	1873	18	1010	1237	282	1437
1874	2	1874	470
1875	1	1875
1876	6	1876	438	1400	473	2170	28
1877	5	2478	1879	1877	1718	1078
1878	1	1878
1879	5	2478	1879	1877	1718	1078
1880	1	1880
1881	1	1881
1882	1	1882
1883	1	1883
1884	8	2406	459	1529	1582	1838	147	633	1884
1885	2	242	1885
1886	1	1886
1887	8	1380	1766	2182	360	2495	1548	2477	1887
1888	3	1888	1114	1427
1889	6	1345	1889	1738	1997	1652	341
1890	1	1890
1891	7	1408	1891	1316	657	2264	1310	1727
1892	1	1892
1893	1	1893
1894	10	899	1894	812	398	1873	18	1010	1237	282	1437
1895	2	1895	1855
1896	1	1896
1897	3	1625	1897	1639
1898	1	1898
1899	4	673	1899	1492	133
1900	1	1900
1901	1	1901
1902	1	1902
1903	1	1903
1904	2	1824	1904
1905	2	1905	1083
1906	1	1906
1907	3	401	1907	1860
1908	1	1908
1909	1	1909
1910	13	96	2017	997	616	2380	365	462	941	1619	1910	119	2042	379
1911	1	1911
1912	2	1912	550
1913	9	513	1857	1253	1140	2261	2423	1913	730	796
1914	18	544	636	2051	1852	2440	139	1580	2283	1456	2418	724	1589	502	23	1914	2459	284	2142
1915	1	1915
1916	18	2455	2274	1284	553	42	1545	2410	1773	1807	2257	851	787	1940	1335	1722	1916	765	1279
1917	1	1917
1918	1	1918
1919	1	1919
1920	1	1920
1921	3	1921	794	660
1922	3	745	1922	124
1923	2	993	1923
1924	2	1924	1669
1925	3	618	181	1925
1926	2	433	1926
1927	2	1956	1927
1928	2	1928	1526
1929	3	1929	1034	663
1930	1	1930
1931	1	1931
1932	1	1932
1933	1	1933
1934	1	1934
1935	1	1935
1936	1	1936
1937	8	1952	1094	1262	1937	2289	275	920	2172
1938	2	1938	324
1939	3	177	1939	2438
1940	18	2455	2274	1284	553	42	1545	2410	1773	1807	2257	851	787	1940	1335	1722	1916	765	1279
1941	3	2393	179	1941
1942	1	1942
1943	1	1943
1944	4	1688	195	1944	1695
1945	1	1945
1946	2	1946	884
1947	2	1763	1947
1948	2	1948	2359
1949	1	1949
1950	1	1950
1951	1	1951
1952	8	1952	1094	1262	1937	2289	275	920	2172
1953	5	1953	1003	304	1525	2491
1954	2	408	1954
1955	2	1955	173
1956	2	1956	1927
1957	4	784	2409	2018	1957
1958	3	113	1713	1958
1959	3	897	1959	1015
1960	2	1960	1333
1961	2	1961	614
1962	2	1962	2204
1963	4	1963	604	101	2229
1964	2	1964	1734
1965	1	1965
1966	4	1050	2028	1053	1966
1967	6	1967	1489	1842	1076	1401	1438
1968	1	1968
1969	1	1969
1970	4	1970	921	90	1162
1971	1	1971
1972	1	1972
1973	1	1973
1974	3	1730	1974	678
1975	3	249	2322	1975
1976	6	2086	425	2219	2033	1976	1402
1977	6	631	1483	206	1331	1815	1977
1978	2	1978	1474
1979	1	1979
1980	4	1980	1291	700	2030
1981	2	1981	734
1982	1	1982
1983	9	640	2401	327	2157	1614	244	982	1150	1983
1984	5	1984	2120	1687	312	2458
1985	4	680	33	130	1985
1986	2	1986	1709
1987	18	2466	1987	645	1415	1757	1863	874	654	1392	50	1301	726	55	728	1270	2009	637	1367
1988	1	1988
1989	1	1989
1990	1	1990
1991	1	1991
1992	4	1992	988	1831	655
1993	1	1993
1994	5	2464	1089	4	1994	1527
1995	9	672	2211	1572	875	1995	2481	25	2044	2335
1996	4	2456	1996	196	806
1997	6	1345	1889	1738	1997	1652	341
1998	7	1764	1349	2471	142	1998	1048	733
1999	3	1290	2415	1999
2000	7	2309	907	2000	82	277	1047	1599
2001	1	2001
2002	4	649	2002	1387	2125
2003	2	2003	799
2004	1	2004
2005	1	2005
2006	1	2006
2007	1	2007
2008	3	2008	1187	1092
2009	18	2466	1987	645	1415	1757	1863	874	654	1392	50	1301	726	55	728	1270	2009	637	1367
2010	1	2010
2011	3	2011	1772	1781
2012	1	2012
2013	6	166	1001	780	213	699	2013
2014	4	752	1002	2014	2450
2015	1	2015
2016	3	2016	977	1451
2017	13	96	2017	997	616	2380	365	462	941	1619	1910	119	2042	379
2018	4	784	2409	2018	1957
2019	2	2019	2285
2020	6	2020	519	1737	942	2031	1334
2021	6	772	2021	136	338	475	1023
2022	2	2022	1511
2023	2	1521	2023
2024	1	2024
2025	1	2025
2026	3	2265	2026	2109
2027	22	1280	1036	783	414	927	808	2350	687	2225	178	569	2366	718	2127	1233	477	742	1259	2027	1651	634	1276
2028	4	1050	2028	1053	1966
2029	1	2029
2030	4	1980	1291	700	2030
2031	6	2020	519	1737	942	2031	1334
2032	3	2032	918	238
2033	6	2086	425	2219	2033	1976	1402
2034	2	625	2034
2035	5	2209	1041	2035	2327	2489
2036	5	494	1040	2036	153	1469
2037	1	2037
2038	2	869	2038
2039	1	2039
2040	3	1168	2040	1789
2041	2	2041	1252
2042	13	96	2017	997	616	2380	365	462	941	1619	1910	119	2042	379
2043	1	2043
2044	9	672	2211	1572	875	1995	2481	25	2044	2335
2045	5	1444	969	848	2325	2045
2046	1	2046
2047	9	98	643	2184	1226	109	719	1202	180	2047
2048	4	2048	2362	1414	1503
2049	1	2049
2050	1	2050
2051	18	544	636	2051	1852	2440	139	1580	2283	1456	2418	724	1589	502	23	1914	2459	284	2142
2052	3	1170	2052	822
2053	1	2053
2054	3	2054	1774	959
2055	1	2055
2056	6	1184	578	292	2056	1133	2333
2057	5	1216	2116	2057	844	563
2058	2	2058	652
2059	1	2059
2060	7	1578	2060	1777	1236	2365	797	2078
2061	2	1626	2061
2062	8	168	2089	298	45	2062	245	629	1630
2063	6	931	1573	1705	2441	2063	886
2064	2	2064	299
2065	7	1218	1090	2414	2065	1715	1239	2206
2066	6	962	739	552	2066	1719	1563
2067	5	2279	970	1227	2445	2067
2068	1	2068
2069	2	2069	901
2070	1	2070
2071	2	753	2071
2072	1	2072
2073	1	2073
2074	1	2074
2075	5	1315	791	2075	893	1343
2076	3	1858	2076	549
2077	7	1058	1827	1067	754	2168	2077	1087
2078	7	1578	2060	1777	1236	2365	797	2078
2079	1	2079
2080	1	2080
2081	5	2081	361	1322	619	622
2082	3	2082	2389	1735
2083	2	2083	167
2084	1	2084
2085	3	2250	2085	686
2086	6	2086	425	2219	2033	1976	1402
2087	1	2087
2088	1	2088
2089	8	168	2089	298	45	2062	245	629	1630
2090	1	2090
2091	1	2091
2092	3	978	580	2092
2093	4	1432	2093	452	540
2094	2	490	2094
2095	2	2238	2095
2096	4	1792	2385	2096	860
2097	5	335	1393	2098	2097	1215
2098	5	335	1393	2098	2097	1215
2099	1	2099
2100	19	2242	868	261	1320	1147	524	1581	2158	2316	400	944	1212	1299	2100	1205	2266	187	92	2463
2101	1	2101
2102	3	1220	60	2102
2103	5	1473	1771	2384	564	2103
2104	6	1056	2160	2483	1022	2104	318
2105	3	2105	162	956
2106	6	1377	201	364	2420	2106	2270
2107	4	1826	2107	1702	1319
2108	2	393	2108
2109	3	2265	2026	2109
2110	3	2110	2192	6
2111	5	356	517	1288	1621	2111
2112	2	2112	1287
2113	1	2113
2114	8	1282	1475	2114	40	2252	366	497	2419
2115	1	2115
2116	5	1216	2116	2057	844	563
2117	2	2378	2117
2118	2	1788	2118
2119	6	388	2119	1420	15	243	2228
2120	5	1984	2120	1687	312	2458
2121	1	2121
2122	6	1445	2122	2347	279	2329	2271
2123	3	948	2123	164
2124	1	2124
2125	4	649	2002	1387	2125
2126	3	2126	62	87
2127	22	1280	1036	783	414	927	808	2350	687	2225	178	569	2366	718	2127	1233	477	742	1259	2027	1651	634	1276
2128	5	35	1066	2128	1851	1566
2129	2	2129	1453
2130	1	2130
2131	1	2131
2132	7	1504	2328	1390	2194	2132	2165	1496
2133	4	24	1139	707	2133
2134	4	2272	1297	132	2134
2135	1	2135
2136	1	2136
2137	1	2137
2138	2	2138	949
2139	1	2139
2140	1	2140
2141	2	2141	1109
2142	18	544	636	2051	1852	2440	139	1580	2283	1456	2418	724	1589	502	23	1914	2459	284	2142
2143	1	2143
2144	4	1512	283	2144	1597
2145	4	1208	2145	1166	2382
2146	1	2146
2147	1	2147
2148	3	1571	2148	774
2149	6	2177	1154	2149	330	722	2431
2150	1	2150
2151	1	2151
2152	1	2152
2153	2	2153	919
2154	1	2154
2155	1	2155
2156	1	2156
2157	9	640	2401	327	2157	1614	244	982	1150	1983
2158	19	2242	868	261	1320	1147	524	1581	2158	2316	400	944	1212	1299	2100	1205	2266	187	92	2463
2159	1	2159
2160	6	1056	2160	2483	1022	2104	318
2161	2	2161	396
2162	2	72	2162
2163	10	738	1059	357	523	172	268	1644	2163	1366	606
2164	1	2164
2165	7	1504	2328	1390	2194	2132	2165	1496
2166	1	2166
2167	1	2167
2168	7	1058	1827	1067	754	2168	2077	1087
2169	3	2169	571	2291
2170	6	1876	438	1400	473	2170	28
2171	1	2171
2172	8	1952	1094	1262	1937	2289	275	920	2172
2173	2	2173	63
2174	1	2174
2175	1	2175
2176	5	2176	2278	1263	1428	2234
2177	6	2177	1154	2149	330	722	2431
2178	2	2313	2178
2179	1	2179
2180	1	2180
2181	1	2181
2182	8	1380	1766	2182	360	2495	1548	2477	1887
2183	2	339	2183
2184	9	98	643	2184	1226	109	719	1202	180	2047
2185	1	2185
2186	7	100	10	747	2186	2190	1850	1502
2187	1	2187
2188	1	2188
2189	5	1123	581	295	2189	1678
2190	7	100	10	747	2186	2190	1850	1502
2191	1	2191
2192	3	2110	2192	6
2193	4	1744	2193	2249	2469
2194	7	1504	2328	1390	2194	2132	2165	1496
2195	1	2195
2196	1	2196
2197	4	123	2421	2197	2367
2198	3	210	1044	2198
2199	6	1600	481	1065	1710	2199	317
2200	2	2200	2470
2201	2	2201	2351
2202	7	128	1201	2364	1049	2202	1787	2332
2203	1	2203
2204	2	1962	2204
2205	1	2205
2206	7	1218	1090	2414	2065	1715	1239	2206
2207	1	2207
2208	2	2208	708
2209	5	2209	1041	2035	2327	2489
2210	3	2210	1068	2454
2211	9	672	2211	1572	875	1995	2481	25	2044	2335
2212	1	2212
2213	1	2213
2214	4	1606	836	1110	2214
2215	1	2215
2216	2	2216	2269
2217	7	705	262	2217	554	656	1232	148
2218	2	2218	1731
2219	6	2086	425	2219	2033	1976	1402
2220	1	2220
2221	2	212	2221
2222	1	2222
2223	1	2223
2224	6	1505	679	2224	2353	189	1567
2225	22	1280	1036	783	414	927	808	2350	687	2225	178	569	2366	718	2127	1233	477	742	1259	2027	1651	634	1276
2226	2	2226	76
2227	4	1784	1409	2227	223
2228	6	388	2119	1420	15	243	2228
2229	4	1963	604	101	2229
2230	1	2230
2231	4	1754	1819	557	2231
2232	1	2232
2233	1	2233
2234	5	2176	2278	1263	1428	2234
2235	1	2235
2236	6	1222	1127	1675	333	2236	1309
2237	1	2237
2238	2	2238	2095
2239	1	2239
2240	1	2240
2241	1	2241
2242	19	2242	868	261	1320	1147	524	1581	2158	2316	400	944	1212	1299	2100	1205	2266	187	92	2463
2243	5	2243	1383	203	2358	1180
2244	3	432	2244	624
2245	6	1442	1348	2245	71	137	627
2246	1	2246
2247	1	2247
2248	1	2248
2249	4	1744	2193	2249	2469
2250	3	2250	2085	686
2251	1	2251
2252	8	1282	1475	2114	40	2252	366	497	2419
2253	10	1025	226	2280	972	2253	947	2263	1817	158	863
2254	1	2254
2255	2	316	2255
2256	1	2256
2257	18	2455	2274	1284	553	42	1545	2410	1773	1807	2257	851	787	1940	1335	1722	1916	765	1279
2258	1	2258
2259	1	2259
2260	4	2260	228	1583	1231
2261	9	513	1857	1253	1140	2261	2423	1913	730	796
2262	7	0	556	13	1425	2262	535	1304
2263	10	1025	226	2280	972	2253	947	2263	1817	158	863
2264	7	1408	1891	1316	657	2264	1310	1727
2265	3	2265	2026	2109
2266	19	2242	868	261	1320	1147	524	1581	2158	2316	400	944	1212	1299	2100	1205	2266	187	92	2463
2267	1	2267
2268	3	2268	516	1478
2269	2	2216	2269
2270	6	1377	201	364	2420	2106	2270
2271	6	1445	2122	2347	279	2329	2271
2272	4	2272	1297	132	2134
2273	1	2273
2274	18	2455	2274	1284	553	42	1545	2410	1773	1807	2257	851	787	1940	1335	1722	1916	765	1279
2275	3	1513	1203	2275
2276	1	2276
2277	7	325	2277	748	590	762	1307	30
2278	5	2176	2278	1263	1428	2234
2279	5	2279	970	1227	2445	2067
2280	10	1025	226	2280	972	2253	947	2263	1817	158	863
2281	3	2281	626	804
2282	4	1024	2282	1547	140
2283	18	544	636	2051	1852	2440	139	1580	2283	1456	2418	724	1589	502	23	1914	2459	284	2142
2284	1	2284
2285	2	2019	2285
2286	5	1509	2286	1679	889	766
2287	2	1659	2287
2288	3	2288	2296	95
2289	8	1952	1094	1262	1937	2289	275	920	2172
2290	1	2290
2291	3	2169	571	2291
2292	3	2472	211	2292
2293	1	2293
2294	3	1192	1856	2294
2295	2	1481	2295
2296	3	2288	2296	95
2297	4	1657	2297	996	389
2298	1	2298
2299	2	1818	2299
2300	1	2300
2301	2	218	2301
2302	1	2302
2303	1	2303
2304	1	2304
2305	6	160	2305	418	866	1230	446
2306	1	2306
2307	3	2307	1404	150
2308	1	2308
2309	7	2309	907	2000	82	277	1047	1599
2310	5	2310	1640	816	186	1759
2311	3	688	930	2311
2312	4	896	2312	402	404
2313	2	2313	2178
2314	1	2314
2315	1	2315
2316	19	2242	868	261	1320	1147	524	1581	2158	2316	400	944	1212	1299	2100	1205	2266	187	92	2463
2317	2	2317	542
2318	1	2318
2319	1	2319
2320	1	2320
2321	8	736	1570	1155	368	2321	115	1336	156
2322	3	249	2322	1975
2323	1	2323
2324	1	2324
2325	5	1444	969	848	2325	2045
2326	2	2417	2326
2327	5	2209	1041	2035	2327	2489
2328	7	1504	2328	1390	2194	2132	2165	1496
2329	6	1445	2122	2347	279	2329	2271
2330	4	2330	771	620	1294
2331	2	2331	830
2332	7	128	1201	2364	1049	2202	1787	2332
2333	6	1184	578	292	2056	1133	2333
2334	1	2334
2335	9	672	2211	1572	875	1995	2481	25	2044	2335
2336	1	2336
2337	3	2337	202	1543
2338	1	2338
2339	4	1424	2339	1539	1664
2340	1	2340
2341	3	915	2341	1190
2342	1	2342
2343	1	2343
2344	4	1248	2344	499	1732
2345	2	1616	2345
2346	1	2346
2347	6	1445	2122	2347	279	2329	2271
2348	1	2348
2349	1	2349
2350	22	1280	1036	783	414	927	808	2350	687	2225	178	569	2366	718	2127	1233	477	742	1259	2027	1651	634	1276
2351	2	2201	2351
2352	1	2352
2353	6	1505	679	2224	2353	189	1567
2354	6	385	2	871	1354	2354	1592
2355	1	2355
2356	3	1779	676	2356
2357	1	2357
2358	5	2243	1383	203	2358	1180
2359	2	1948	2359
2360	2	2360	932
2361	4	2361	1364	1765	1159
2362	4	2048	2362	1414	1503
2363	1	2363
2364	7	128	1201	2364	1049	2202	1787	2332
2365	7	1578	2060	1777	1236	2365	797	2078
2366	22	1280	1036	783	414	927	808	2350	687	2225	178	569	2366	718	2127	1233	477	742	1259	2027	1651	634	1276
2367	4	123	2421	2197	2367
2368	2	2368	1802
2369	1	2369
2370	4	570	515	2370	909
2371	8	2371	1350	1193	879	143	565	247	410
2372	3	641	827	2372
2373	1	2373
2374	1	2374
2375	2	1412	2375
2376	1	2376
2377	4	1480	2377	1550	895
2378	2	2378	2117
2379	1	2379
2380	13	96	2017	997	616	2380	365	462	941	1619	1910	119	2042	379
2381	2	2381	1703
2382	4	1208	2145	1166	2382
2383	1	2383
2384	5	1473	1771	2384	564	2103
2385	4	1792	2385	2096	860
2386	1	2386
2387	4	2387	381	430	31
2388	5	1568	38	1676	721	2388
2389	3	2082	2389	1735
2390	3	193	1243	2390
2391	1	2391
2392	1	2392
2393	3	2393	179	1941
2394	5	541	1011	2394	1341	671
2395	2	2395	1223
2396	6	714	235	1360	185	27	2396
2397	1	2397
2398	1	2398
2399	1	2399
2400	3	2400	1835	1542
2401	9	640	2401	327	2157	1614	244	982	1150	1983
2402	1	2402
2403	1	2403
2404	1	2404
2405	1	2405
2406	8	2406	459	1529	1582	1838	147	633	1884
2407	1	2407
2408	1	2408
2409	4	784	2409	2018	1957
2410	18	2455	2274	1284	553	42	1545	2410	1773	1807	2257	851	787	1940	1335	1722	1916	765	1279
2411	3	472	825	2411
2412	1	2412
2413	1	2413
2414	7	1218	1090	2414	2065	1715	1239	2206
2415	3	1290	2415	1999
2416	2	1720	2416
2417	2	2417	2326
2418	18	544	636	2051	1852	2440	139	1580	2283	1456	2418	724	1589	502	23	1914	2459	284	2142
2419	8	1282	1475	2114	40	2252	366	497	2419
2420	6	1377	201	364	2420	2106	2270
2421	4	123	2421	2197	2367
2422	2	1372	2422
2423	9	513	1857	1253	1140	2261	2423	1913	730	796
2424	1	2424
2425	1	2425
2426	1	2426
2427	1	2427
2428	2	1801	2428
2429	3	1363	1228	2429
2430	3	1258	413	2430
2431	6	2177	1154	2149	330	722	2431
2432	8	2432	1833	1706	1739	1770	1229	1261	461
2433	1	2433
2434	1	2434
2435	1	2435
2436	1	2436
2437	2	1834	2437
2438	3	177	1939	2438
2439	1	2439
2440	18	544	636	2051	1852	2440	139	1580	2283	1456	2418	724	1589	502	23	1914	2459	284	2142
2441	6	931	1573	1705	2441	2063	886
2442	1	2442
2443	1	2443
2444	1	2444
2445	5	2279	970	1227	2445	2067
2446	1	2446
2447	1	2447
2448	2	2448	1219
2449	4	2449	610	405	399
2450	4	752	1002	2014	2450
2451	1	2451
2452	1	2452
2453	1	2453
2454	3	2210	1068	2454
2455	18	2455	2274	1284	553	42	1545	2410	1773	1807	2257	851	787	1940	1335	1722	1916	765	1279
2456	4	2456	1996	196	806
2457	1	2457
2458	5	1984	2120	1687	312	2458
2459	18	544	636	2051	1852	2440	139	1580	2283	1456	2418	724	1589	502	23	1914	2459	284	2142
2460	1	2460
2461	8	135	908	696	1330	1746	1591	216	2461
2462	1	2462
2463	19	2242	868	261	1320	1147	524	1581	2158	2316	400	944	1212	1299	2100	1205	2266	187	92	2463
2464	5	2464	1089	4	1994	1527
2465	2	2465	1300
2466	18	2466	1987	645	1415	1757	1863	874	654	1392	50	1301	726	55	728	1270	2009	637	1367
2467	3	466	763	2467
2468	1	2468
2469	4	1744	2193	2249	2469
2470	2	2200	2470
2471	7	1764	1349	2471	142	1998	1048	733
2472	3	2472	211	2292
2473	2	2473	1634
2474	4	81	2474	684	855
2475	1	2475
2476	1	2476
2477	8	1380	1766	2182	360	2495	1548	2477	1887
2478	5	2478	1879	1877	1718	1078
2479	2	1182	2479
2480	3	1144	2480	1030
2481	9	672	2211	1572	875	1995	2481	25	2044	2335
2482	1	2482
2483	6	1056	2160	2483	1022	2104	318
2484	1	2484
2485	2	2485	239
2486	6	1541	426	141	2486	442	831
2487	1	2487
2488	2	2488	877
2489	5	2209	1041	2035	2327	2489
2490	1	2490
2491	5	1953	1003	304	1525	2491
2492	2	1096	2492
2493	1	2493
2494	3	2494	573	118
2495	8	1380	1766	2182	360	2495	1548	2477	1887
2496	1	2496
2497	4	1673	434	1268	2497
