0	3	0	886	534
1	2	1	14
2	1	2
3	6	897	3	150	667	606	63
4	1	4
5	1	5
6	4	120	806	875	6
7	4	560	873	164	7
8	1	8
9	3	795	9	275
10	1	10
11	1	11
12	1	12
13	6	449	644	41	13	114	853
14	2	1	14
15	4	59	117	166	15
16	1	16
17	1	17
18	4	18	411	28	74
19	3	952	19	709
20	1	20
21	1	21
22	1	22
23	1	23
24	1	24
25	1	25
26	1	26
27	1	27
28	4	18	411	28	74
29	8	674	232	178	276	500	312	923	29
30	1	30
31	1	31
32	1	32
33	1	33
34	1	34
35	1	35
36	1	36
37	3	362	37	70
38	1	38
39	4	1000	139	271	39
40	3	40	899	559
41	6	449	644	41	13	114	853
42	1	42
43	1	43
44	3	690	187	44
45	1	45
46	1	46
47	4	144	626	678	47
48	1	48
49	1	49
50	2	929	50
51	1	51
52	4	401	468	52	55
53	4	944	769	53	151
54	1	54
55	4	401	468	52	55
56	2	56	1013
57	1	57
58	8	421	212	87	696	58	91	988	798
59	4	59	117	166	15
60	1	60
61	1	61
62	1	62
63	6	897	3	150	667	606	63
64	3	64	347	412
65	3	368	65	840
66	1	66
67	1	67
68	1	68
69	3	680	880	69
70	3	362	37	70
71	1	71
72	2	72	480
73	5	288	648	73	431	303
74	4	18	411	28	74
75	2	75	1039
76	4	784	76	893	838
77	1	77
78	1	78
79	1	79
80	3	80	708	566
81	3	81	410	311
82	1	82
83	3	336	83	110
84	4	803	84	1055	183
85	1	85
86	1	86
87	8	421	212	87	696	58	91	988	798
88	1	88
89	1	89
90	1	90
91	8	421	212	87	696	58	91	988	798
92	1	92
93	1	93
94	4	400	142	484	94
95	1	95
96	2	96	673
97	1	97
98	1	98
99	1	99
100	1	100
101	2	376	101
102	1	102
103	4	1042	363	476	103
104	3	104	990	390
105	1	105
106	5	106	981	633	829	414
107	4	107	836	589	454
108	1	108
109	7	901	744	109	911	755	444	799
110	3	336	83	110
111	1	111
112	1	112
113	1	113
114	6	449	644	41	13	114	853
115	5	416	249	115	121	223
116	5	320	980	116	596	763
117	4	59	117	166	15
118	3	181	118	751
119	2	671	119
120	4	120	806	875	6
121	5	416	249	115	121	223
122	1	122
123	1	123
124	3	611	124	351
125	2	821	125
126	1	126
127	1	127
128	1	128
129	1	129
130	1	130
131	2	706	131
132	1	132
133	3	613	133	614
134	1	134
135	5	135	684	335	721	180
136	1	136
137	1	137
138	1	138
139	4	1000	139	271	39
140	3	417	955	140
141	1	141
142	4	400	142	484	94
143	1	143
144	4	144	626	678	47
145	1	145
146	2	146	635
147	1	147
148	1	148
149	4	256	740	149	214
150	6	897	3	150	667	606	63
151	4	944	769	53	151
152	1	152
153	3	153	222	207
154	1	154
155	1	155
156	1	156
157	1	157
158	5	385	817	820	987	158
159	6	930	1036	269	818	211	159
160	1	160
161	1	161
162	2	162	890
163	1	163
164	4	560	873	164	7
165	1	165
166	4	59	117	166	15
167	1	167
168	1	168
169	1	169
170	1	170
171	2	1001	171
172	1	172
173	1	173
174	2	881	174
175	1	175
176	1	176
177	1	177
178	8	674	232	178	276	500	312	923	29
179	1	179
180	5	135	684	335	721	180
181	3	181	118	751
182	5	736	651	565	182	539
183	4	803	84	1055	183
184	4	184	433	490	349
185	1	185
186	1	186
187	3	690	187	44
188	1	188
189	1	189
190	1	190
191	5	517	615	811	1022	191
192	3	192	1064	334
193	2	193	479
194	1	194
195	1	195
196	1	196
197	1	197
198	1	198
199	1	199
200	1	200
201	1	201
202	2	202	733
203	1	203
204	1	204
205	1	205
206	1	206
207	3	153	222	207
208	1	208
209	1	209
210	1	210
211	6	930	1036	269	818	211	159
212	8	421	212	87	696	58	91	988	798
213	2	961	213
214	4	256	740	149	214
215	1	215
216	1	216
217	2	217	641
218	3	528	218	610
219	6	452	904	1043	822	219	1054
220	5	258	999	842	653	220
221	1	221
222	3	153	222	207
223	5	416	249	115	121	223
224	1	224
225	1	225
226	2	328	226
227	1	227
228	3	976	228	719
229	6	609	229	262	844	270	949
230	1	230
231	1	231
232	8	674	232	178	276	500	312	923	29
233	1	233
234	1	234
235	1	235
236	1	236
237	1	237
238	1	238
239	2	627	239
240	1	240
241	2	241	509
242	1	242
243	1	243
244	1	244
245	2	245	429
246	4	408	874	694	246
247	1	247
248	1	248
249	5	416	249	115	121	223
250	1	250
251	1	251
252	1	252
253	4	657	483	253	679
254	1	254
255	1	255
256	4	256	740	149	214
257	1	257
258	5	258	999	842	653	220
259	1	259
260	2	260	991
261	1	261
262	6	609	229	262	844	270	949
263	1	263
264	1	264
265	3	624	265	387
266	2	266	767
267	1	267
268	7	289	710	903	584	998	268	695
269	6	930	1036	269	818	211	159
270	6	609	229	262	844	270	949
271	4	1000	139	271	39
272	1	272
273	1	273
274	1	274
275	3	795	9	275
276	8	674	232	178	276	500	312	923	29
277	1	277
278	4	296	697	278	735
279	1	279
280	3	280	868	420
281	1	281
282	1	282
283	3	283	443	399
284	1	284
285	4	912	1018	716	285
286	1	286
287	1	287
288	5	288	648	73	431	303
289	7	289	710	903	584	998	268	695
290	1	290
291	1	291
292	1	292
293	1	293
294	1	294
295	1	295
296	4	296	697	278	735
297	1	297
298	1	298
299	2	299	900
300	1	300
301	2	882	301
302	1	302
303	5	288	648	73	431	303
304	2	304	522
305	1	305
306	1	306
307	1	307
308	3	577	308	446
309	1	309
310	1	310
311	3	81	410	311
312	8	674	232	178	276	500	312	923	29
313	3	313	660	1007
314	2	314	726
315	1	315
316	1	316
317	1	317
318	3	585	318	518
319	3	655	757	319
320	5	320	980	116	596	763
321	1	321
322	1	322
323	1	323
324	3	977	466	324
325	1	325
326	1	326
327	2	485	327
328	2	328	226
329	1	329
330	1	330
331	1	331
332	3	995	332	959
333	1	333
334	3	192	1064	334
335	5	135	684	335	721	180
336	3	336	83	110
337	1	337
338	1	338
339	1	339
340	1	340
341	1	341
342	1	342
343	1	343
344	3	344	914	932
345	1	345
346	3	432	1033	346
347	3	64	347	412
348	1	348
349	4	184	433	490	349
350	1	350
351	3	611	124	351
352	1	352
353	1	353
354	1	354
355	1	355
356	1	356
357	1	357
358	1	358
359	4	960	962	1002	359
360	3	360	625	621
361	5	547	1030	456	361	856
362	3	362	37	70
363	4	1042	363	476	103
364	2	386	364
365	1	365
366	1	366
367	1	367
368	3	368	65	840
369	1	369
370	1	370
371	1	371
372	1	372
373	1	373
374	1	374
375	1	375
376	2	376	101
377	1	377
378	1	378
379	1	379
380	1	380
381	1	381
382	1	382
383	1	383
384	2	384	482
385	5	385	817	820	987	158
386	2	386	364
387	3	624	265	387
388	1	388
389	2	389	407
390	3	104	990	390
391	1	391
392	1	392
393	1	393
394	1	394
395	1	395
396	2	876	396
397	1	397
398	1	398
399	3	283	443	399
400	4	400	142	484	94
401	4	401	468	52	55
402	1	402
403	1	403
404	1	404
405	1	405
406	1	406
407	2	389	407
408	4	408	874	694	246
409	1	409
410	3	81	410	311
411	4	18	411	28	74
412	3	64	347	412
413	1	413
414	5	106	981	633	829	414
415	4	656	800	503	415
416	5	416	249	115	121	223
417	3	417	955	140
418	1	418
419	1	419
420	3	280	868	420
421	8	421	212	87	696	58	91	988	798
422	1	422
423	1	423
424	1	424
425	1	425
426	1	426
427	1	427
428	1	428
429	2	245	429
430	1	430
431	5	288	648	73	431	303
432	3	432	1033	346
433	4	184	433	490	349
434	4	544	617	434	1052
435	1	435
436	2	892	436
437	5	870	556	437	663	537
438	1	438
439	1	439
440	1	440
441	4	945	441	563	588
442	1	442
443	3	283	443	399
444	7	901	744	109	911	755	444	799
445	2	792	445
446	3	577	308	446
447	1	447
448	3	448	779	996
449	6	449	644	41	13	114	853
450	1	450
451	1	451
452	6	452	904	1043	822	219	1054
453	1	453
454	4	107	836	589	454
455	2	561	455
456	5	547	1030	456	361	856
457	1	457
458	1	458
459	4	459	604	1020	782
460	3	496	948	460
461	1	461
462	1	462
463	1	463
464	1	464
465	1	465
466	3	977	466	324
467	1	467
468	4	401	468	52	55
469	1	469
470	1	470
471	3	872	530	471
472	1	472
473	1	473
474	1	474
475	1	475
476	4	1042	363	476	103
477	1	477
478	1	478
479	2	193	479
480	2	72	480
481	1	481
482	2	384	482
483	4	657	483	253	679
484	4	400	142	484	94
485	2	485	327
486	1	486
487	1	487
488	1	488
489	2	489	807
490	4	184	433	490	349
491	1	491
492	1	492
493	1	493
494	2	546	494
495	1	495
496	3	496	948	460
497	1	497
498	1	498
499	1	499
500	8	674	232	178	276	500	312	923	29
501	1	501
502	1	502
503	4	656	800	503	415
504	3	504	505	535
505	3	504	505	535
506	1	506
507	1	507
508	2	508	750
509	2	241	509
510	1	510
511	1	511
512	1	512
513	1	513
514	1	514
515	1	515
516	1	516
517	5	517	615	811	1022	191
518	3	585	318	518
519	1	519
520	1	520
521	1	521
522	2	304	522
523	1	523
524	1	524
525	1	525
526	1	526
527	1	527
528	3	528	218	610
529	1	529
530	3	872	530	471
531	1	531
532	1	532
533	1	533
534	3	0	886	534
535	3	504	505	535
536	1	536
537	5	870	556	437	663	537
538	1	538
539	5	736	651	565	182	539
540	1	540
541	1	541
542	1	542
543	1	543
544	4	544	617	434	1052
545	1	545
546	2	546	494
547	5	547	1030	456	361	856
548	1	548
549	1	549
550	1	550
551	1	551
552	1	552
553	2	553	909
554	1	554
555	1	555
556	5	870	556	437	663	537
557	1	557
558	1	558
559	3	40	899	559
560	4	560	873	164	7
561	2	561	455
562	1	562
563	4	945	441	563	588
564	1	564
565	5	736	651	565	182	539
566	3	80	708	566
567	2	1003	567
568	1	568
569	1	569
570	2	570	860
571	1	571
572	1	572
573	1	573
574	1	574
575	1	575
576	2	576	738
577	3	577	308	446
578	1	578
579	2	866	579
580	1	580
581	1	581
582	2	582	711
583	1	583
584	7	289	710	903	584	998	268	695
585	3	585	318	518
586	1	586
587	1	587
588	4	945	441	563	588
589	4	107	836	589	454
590	1	590
591	1	591
592	1	592
593	1	593
594	1	594
595	1	595
596	5	320	980	116	596	763
597	1	597
598	2	926	598
599	1	599
600	1	600
601	1	601
602	1	602
603	1	603
604	4	459	604	1020	782
605	1	605
606	6	897	3	150	667	606	63
607	4	1019	804	910	607
608	1	608
609	6	609	229	262	844	270	949
610	3	528	218	610
611	3	611	124	351
612	1	612
613	3	613	133	614
614	3	613	133	614
615	5	517	615	811	1022	191
616	1	616
617	4	544	617	434	1052
618	2	618	1063
619	1	619
620	1	620
621	3	360	625	621
622	1	622
623	1	623
624	3	624	265	387
625	3	360	625	621
626	4	144	626	678	47
627	2	627	239
628	4	642	628	717	703
629	1	629
630	3	974	630	783
631	5	1061	884	631	888	730
632	2	632	816
633	5	106	981	633	829	414
634	1	634
635	2	146	635
636	1	636
637	1	637
638	1	638
639	1	639
640	1	640
641	2	217	641
642	4	642	628	717	703
643	1	643
644	6	449	644	41	13	114	853
645	1	645
646	1	646
647	1	647
648	5	288	648	73	431	303
649	1	649
650	1	650
651	5	736	651	565	182	539
652	3	652	805	958
653	5	258	999	842	653	220
654	1	654
655	3	655	757	319
656	4	656	800	503	415
657	4	657	483	253	679
658	2	760	658
659	1	659
660	3	313	660	1007
661	2	664	661
662	1	662
663	5	870	556	437	663	537
664	2	664	661
665	2	665	701
666	1	666
667	6	897	3	150	667	606	63
668	2	668	1005
669	1	669
670	1	670
671	2	671	119
672	2	672	845
673	2	96	673
674	8	674	232	178	276	500	312	923	29
675	1	675
676	1	676
677	1	677
678	4	144	626	678	47
679	4	657	483	253	679
680	3	680	880	69
681	1	681
682	1	682
683	3	802	683	1029
684	5	135	684	335	721	180
685	1	685
686	3	1062	691	686
687	1	687
688	1	688
689	1	689
690	3	690	187	44
691	3	1062	691	686
692	1	692
693	1	693
694	4	408	874	694	246
695	7	289	710	903	584	998	268	695
696	8	421	212	87	696	58	91	988	798
697	4	296	697	278	735
698	1	698
699	1	699
700	1	700
701	2	665	701
702	1	702
703	4	642	628	717	703
704	1	704
705	1	705
706	2	706	131
707	1	707
708	3	80	708	566
709	3	952	19	709
710	7	289	710	903	584	998	268	695
711	2	582	711
712	1	712
713	1	713
714	2	714	1004
715	4	1035	745	715	766
716	4	912	1018	716	285
717	4	642	628	717	703
718	5	896	718	815	785	951
719	3	976	228	719
720	1	720
721	5	135	684	335	721	180
722	1	722
723	1	723
724	1	724
725	1	725
726	2	314	726
727	1	727
728	1	728
729	3	808	729	756
730	5	1061	884	631	888	730
731	1	731
732	2	737	732
733	2	202	733
734	1	734
735	4	296	697	278	735
736	5	736	651	565	182	539
737	2	737	732
738	2	576	738
739	1	739
740	4	256	740	149	214
741	1	741
742	1	742
743	1	743
744	7	901	744	109	911	755	444	799
745	4	1035	745	715	766
746	1	746
747	1	747
748	1	748
749	1	749
750	2	508	750
751	3	181	118	751
752	1	752
753	1	753
754	1	754
755	7	901	744	109	911	755	444	799
756	3	808	729	756
757	3	655	757	319
758	1	758
759	1	759
760	2	760	658
761	1	761
762	1	762
763	5	320	980	116	596	763
764	1	764
765	1	765
766	4	1035	745	715	766
767	2	266	767
768	1	768
769	4	944	769	53	151
770	1	770
771	2	819	771
772	3	1056	772	966
773	1	773
774	1	774
775	1	775
776	1	776
777	1	777
778	2	778	1051
779	3	448	779	996
780	1	780
781	1	781
782	4	459	604	1020	782
783	3	974	630	783
784	4	784	76	893	838
785	5	896	718	815	785	951
786	1	786
787	1	787
788	1	788
789	1	789
790	1	790
791	1	791
792	2	792	445
793	1	793
794	1	794
795	3	795	9	275
796	1	796
797	1	797
798	8	421	212	87	696	58	91	988	798
799	7	901	744	109	911	755	444	799
800	4	656	800	503	415
801	1	801
802	3	802	683	1029
803	4	803	84	1055	183
804	4	1019	804	910	607
805	3	652	805	958
806	4	120	806	875	6
807	2	489	807
808	3	808	729	756
809	1	809
810	1	810
811	5	517	615	811	1022	191
812	1	812
813	1	813
814	1	814
815	5	896	718	815	785	951
816	2	632	816
817	5	385	817	820	987	158
818	6	930	1036	269	818	211	159
819	2	819	771
820	5	385	817	820	987	158
821	2	821	125
822	6	452	904	1043	822	219	1054
823	1	823
824	1	824
825	1	825
826	1	826
827	1	827
828	1	828
829	5	106	981	633	829	414
830	1	830
831	1	831
832	1	832
833	1	833
834	1	834
835	1	835
836	4	107	836	589	454
837	1	837
838	4	784	76	893	838
839	1	839
840	3	368	65	840
841	1	841
842	5	258	999	842	653	220
843	1	843
844	6	609	229	262	844	270	949
845	2	672	845
846	2	1059	846
847	1	847
848	1	848
849	1	849
850	1	850
851	1	851
852	1	852
853	6	449	644	41	13	114	853
854	1	854
855	1	855
856	5	547	1030	456	361	856
857	1	857
858	1	858
859	2	1016	859
860	2	570	860
861	1	861
862	1	862
863	1	863
864	1	864
865	1	865
866	2	866	579
867	1	867
868	3	280	868	420
869	1	869
870	5	870	556	437	663	537
871	1	871
872	3	872	530	471
873	4	560	873	164	7
874	4	408	874	694	246
875	4	120	806	875	6
876	2	876	396
877	1	877
878	1	878
879	1	879
880	3	680	880	69
881	2	881	174
882	2	882	301
883	1	883
884	5	1061	884	631	888	730
885	1	885
886	3	0	886	534
887	1	887
888	5	1061	884	631	888	730
889	1	889
890	2	162	890
891	1	891
892	2	892	436
893	4	784	76	893	838
894	1	894
895	1	895
896	5	896	718	815	785	951
897	6	897	3	150	667	606	63
898	1	898
899	3	40	899	559
900	2	299	900
901	7	901	744	109	911	755	444	799
902	1	902
903	7	289	710	903	584	998	268	695
904	6	452	904	1043	822	219	1054
905	1	905
906	1	906
907	1	907
908	1	908
909	2	553	909
910	4	1019	804	910	607
911	7	901	744	109	911	755	444	799
912	4	912	1018	716	285
913	1	913
914	3	344	914	932
915	1	915
916	1	916
917	1	917
918	1	918
919	1	919
920	1	920
921	1	921
922	1	922
923	8	674	232	178	276	500	312	923	29
924	1	924
925	1	925
926	2	926	598
927	1	927
928	1	928
929	2	929	50
930	6	930	1036	269	818	211	159
931	1	931
932	3	344	914	932
933	1	933
934	1	934
935	1	935
936	1	936
937	1	937
938	2	970	938
939	1	939
940	1	940
941	1	941
942	1	942
943	1	943
944	4	944	769	53	151
945	4	945	441	563	588
946	1	946
947	1	947
948	3	496	948	460
949	6	609	229	262	844	270	949
950	1	950
951	5	896	718	815	785	951
952	3	952	19	709
953	1	953
954	1	954
955	3	417	955	140
956	1	956
957	1	957
958	3	652	805	958
959	3	995	332	959
960	4	960	962	1002	359
961	2	961	213
962	4	960	962	1002	359
963	1	963
964	1	964
965	1	965
966	3	1056	772	966
967	1	967
968	1	968
969	1	969
970	2	970	938
971	1	971
972	1	972
973	1	973
974	3	974	630	783
975	1	975
976	3	976	228	719
977	3	977	466	324
978	1	978
979	1	979
980	5	320	980	116	596	763
981	5	106	981	633	829	414
982	1	982
983	1	983
984	1	984
985	1	985
986	1	986
987	5	385	817	820	987	158
988	8	421	212	87	696	58	91	988	798
989	1	989
990	3	104	990	390
991	2	260	991
992	1	992
993	1	993
994	1	994
995	3	995	332	959
996	3	448	779	996
997	1	997
998	7	289	710	903	584	998	268	695
999	5	258	999	842	653	220
1000	4	1000	139	271	39
1001	2	1001	171
1002	4	960	962	1002	359
1003	2	1003	567
1004	2	714	1004
1005	2	668	1005
1006	1	1006
1007	3	313	660	1007
1008	1	1008
1009	1	1009
1010	1	1010
1011	1	1011
1012	1	1012
1013	2	56	1013
1014	1	1014
1015	1	1015
1016	2	1016	859
1017	1	1017
1018	4	912	1018	716	285
1019	4	1019	804	910	607
1020	4	459	604	1020	782
1021	1	1021
1022	5	517	615	811	1022	191
1023	1	1023
1024	1	1024
1025	1	1025
1026	1	1026
1027	1	1027
1028	1	1028
1029	3	802	683	1029
1030	5	547	1030	456	361	856
1031	1	1031
1032	1	1032
1033	3	432	1033	346
1034	1	1034
1035	4	1035	745	715	766
1036	6	930	1036	269	818	211	159
1037	1	1037
1038	1	1038
1039	2	75	1039
1040	1	1040
1041	1	1041
1042	4	1042	363	476	103
1043	6	452	904	1043	822	219	1054
1044	1	1044
1045	1	1045
1046	1	1046
1047	1	1047
1048	1	1048
1049	1	1049
1050	1	1050
1051	2	778	1051
1052	4	544	617	434	1052
1053	1	1053
1054	6	452	904	1043	822	219	1054
1055	4	803	84	1055	183
1056	3	1056	772	966
1057	1	1057
1058	1	1058
1059	2	1059	846
1060	1	1060
1061	5	1061	884	631	888	730
1062	3	1062	691	686
1063	2	618	1063
1064	3	192	1064	334
