0	1	0
1	3	1	2110	95
2	5	2	744	1357	2327	923
3	1	3
4	2	4	518
5	5	320	1956	741	5	1579
6	8	1536	6	2059	2061	1456	1436	1213	1279
7	3	1747	1382	7
8	4	8	1016	1163	2168
9	1	9
10	1	10
11	4	2400	2239	11	951
12	7	2240	516	266	12	175	17	1143
13	1	13
14	3	1754	1123	14
15	1	15
16	1	16
17	7	2240	516	266	12	175	17	1143
18	1	18
19	1	19
20	15	322	901	363	1420	2158	2222	2321	1266	691	20	1365	1431	1688	762	2204
21	1	21
22	1	22
23	1	23
24	4	24	1881	1244	350
25	6	2017	1731	2155	25	702	2367
26	1	26
27	1	27
28	1	28
29	7	198	716	1428	981	2228	407	29
30	4	466	2100	1221	30
31	1	31
32	2	32	1259
33	3	400	33	1083
34	3	833	34	1435
35	5	35	1667	2151	1479	986
36	1	36
37	1	37
38	7	1794	1062	38	1772	2191	406	1399
39	1	39
40	10	645	40	1769	2217	875	1451	1069	1902	1934	2399
41	2	41	517
42	2	42	2164
43	5	1152	43	2008	536	507
44	4	1576	889	827	44
45	1	45
46	1	46
47	1	47
48	2	48	2308
49	3	2104	49	572
50	8	1162	2093	2289	50	1619	436	87	375
51	3	1643	51	807
52	1	52
53	3	1308	53	1398
54	1	54
55	4	988	75	556	55
56	6	737	1255	1485	56	1306	767
57	3	57	1273	2447
58	18	993	578	1346	1156	1636	524	1260	1006	1327	1359	983	2195	1460	1658	663	58	794	1150
59	4	1385	59	1836	163
60	3	179	60	871
61	7	449	99	966	712	210	1050	61
62	7	1313	2049	2283	1517	1104	1946	62
63	1	63
64	1	64
65	4	1128	65	1578	916
66	8	66	1415	489	718	2196	1685	635	2109
67	1	67
68	6	1440	1732	68	625	1404	2431
69	1	69
70	7	1857	1925	70	2088	1258	980	1307
71	3	1269	86	71
72	7	515	2243	72	971	1720	636	1503
73	2	73	1422
74	1	74
75	4	988	75	556	55
76	4	1969	562	76	1797
77	1	77
78	1	78
79	2	89	79
80	6	2241	707	492	2094	80	819
81	1	81
82	2	82	1476
83	4	1577	83	1844	2041
84	1	84
85	15	513	1985	2087	1384	2313	2284	109	143	2397	1332	85	1525	2167	1372	1309
86	3	1269	86	71
87	8	1162	2093	2289	50	1619	436	87	375
88	1	88
89	2	89	79
90	4	128	90	2387	558
91	1	91
92	1	92
93	1	93
94	4	2304	1349	94	583
95	3	1	2110	95
96	6	96	162	872	1676	1709	2426
97	17	97	2210	1027	2020	1445	2084	1737	1833	1865	1388	270	1651	884	1268	1878	154	2267
98	2	98	1659
99	7	449	99	966	712	210	1050	61
100	6	100	229	2052	1550	952	2012
101	3	1464	2362	101
102	1	102
103	1	103
104	1	104
105	1	105
106	1	106
107	3	1032	1090	107
108	7	392	1257	108	304	919	1529	2108
109	15	513	1985	2087	1384	2313	2284	109	143	2397	1332	85	1525	2167	1372	1309
110	4	208	1369	110	151
111	2	579	111
112	4	112	1938	1587	533
113	8	288	834	2092	685	1616	113	310	1406
114	1	114
115	1	115
116	4	935	116	566	279
117	1	117
118	1	118
119	4	153	2351	1607	119
120	4	120	1418	747	1599
121	1	121
122	2	122	1583
123	1	123
124	1	124
125	4	458	195	125	823
126	5	420	1321	784	662	126
127	1	127
128	4	128	90	2387	558
129	4	129	1141	614	2286
130	1	130
131	1	131
132	2	132	1757
133	2	133	405
134	1	134
135	2	1756	135
136	1	136
137	1	137
138	1	138
139	1	139
140	1	140
141	1	141
142	2	1331	142
143	15	513	1985	2087	1384	2313	2284	109	143	2397	1332	85	1525	2167	1372	1309
144	2	144	2413
145	4	1056	145	1888	1239
146	7	1413	1513	1899	146	1650	220	798
147	2	147	1029
148	2	180	148
149	1	149
150	1	150
151	4	208	1369	110	151
152	4	152	796	1287	567
153	4	153	2351	1607	119
154	17	97	2210	1027	2020	1445	2084	1737	1833	1865	1388	270	1651	884	1268	1878	154	2267
155	1	155
156	2	1850	156
157	3	1840	1821	157
158	2	1169	158
159	2	2175	159
160	1	160
161	5	161	999	2030	251	1311
162	6	96	162	872	1676	1709	2426
163	4	1385	59	1836	163
164	1	164
165	3	1867	165	1181
166	5	166	2186	1328	409	1146
167	1	167
168	2	168	2373
169	1	169
170	7	2272	900	170	269	1775	2238	1951
171	1	171
172	3	1064	1180	172
173	9	2176	609	1795	1319	2183	173	1137	1044	1628
174	5	2445	174	1752	1178	797
175	7	2240	516	266	12	175	17	1143
176	1	176
177	1	177
178	6	416	1541	178	1300	1847	2265
179	3	179	60	871
180	2	180	148
181	1	181
182	2	182	2383
183	7	1409	610	1921	743	1895	1908	183
184	4	184	1043	1852	1499
185	1	185
186	2	2257	186
187	1	187
188	5	1796	1647	2264	1915	188
189	3	1410	189	2335
190	1	190
191	3	1953	259	191
192	3	192	1978	2343
193	1	193
194	1	194
195	4	458	195	125	823
196	6	1761	196	1094	876	2317	1140
197	7	197	1957	2406	430	2382	912	1940
198	7	198	716	1428	981	2228	407	29
199	4	2393	2026	307	199
200	1	200
201	11	675	453	201	1290	1036	1100	1203	1461	728	1753	2271
202	1	202
203	4	203	1068	1979	1358
204	1	204
205	2	1504	205
206	5	1988	206	1426	1142	1055
207	1	207
208	4	208	1369	110	151
209	5	1248	1538	234	209	789
210	7	449	99	966	712	210	1050	61
211	1	211
212	4	561	905	212	1989
213	1	213
214	2	1627	214
215	1	215
216	3	216	2430	1992
217	12	1952	1378	291	2435	237	1296	2331	883	343	217	1179	1662
218	5	481	1644	2029	2128	218
219	3	219	788	2069
220	7	1413	1513	1899	146	1650	220	798
221	9	1768	2218	365	1293	2000	2384	1462	348	221
222	3	873	1468	222
223	1	223
224	2	224	2424
225	8	225	2276	1010	1842	1396	1494	535	1917
226	1	226
227	2	1697	227
228	4	290	228	1861	879
229	6	100	229	2052	1550	952	2012
230	1	230
231	1	231
232	5	232	1484	1949	414	445
233	1	233
234	5	1248	1538	234	209	789
235	1	235
236	6	994	2274	236	1015	1467	1022
237	12	1952	1378	291	2435	237	1296	2331	883	343	217	1179	1662
238	1	238
239	2	1092	239
240	1	240
241	3	241	1201	1660
242	1	242
243	3	243	1894	1751
244	1	244
245	1	245
246	2	2360	246
247	1	247
248	3	248	904	1192
249	6	2148	1994	2063	1008	249	2207
250	2	1161	250
251	5	161	999	2030	251	1311
252	1	252
253	1	253
254	7	611	934	1096	1042	1622	2205	254
255	1	255
256	2	256	1353
257	1	257
258	4	258	2378	597	1534
259	3	1953	259	191
260	1	260
261	2	1037	261
262	1	262
263	2	2309	263
264	2	264	2187
265	3	265	2363	1351
266	7	2240	516	266	12	175	17	1143
267	1	267
268	2	435	268
269	7	2272	900	170	269	1775	2238	1951
270	17	97	2210	1027	2020	1445	2084	1737	1833	1865	1388	270	1651	884	1268	1878	154	2267
271	3	1223	1149	271
272	1	272
273	4	273	1906	2436	382
274	2	274	1086
275	1	275
276	4	1962	1492	276	813
277	5	1481	1098	1707	1204	277
278	1	278
279	4	935	116	566	279
280	1	280
281	1	281
282	1	282
283	1	283
284	1	284
285	1	285
286	3	467	2053	286
287	1	287
288	8	288	834	2092	685	1616	113	310	1406
289	1	289
290	4	290	228	1861	879
291	12	1952	1378	291	2435	237	1296	2331	883	343	217	1179	1662
292	2	292	1126
293	1	293
294	3	364	1621	294
295	2	326	295
296	1	296
297	1	297
298	1	298
299	2	379	299
300	2	732	300
301	2	333	301
302	4	1897	1076	302	2375
303	1	303
304	7	392	1257	108	304	919	1529	2108
305	2	305	1197
306	2	306	2330
307	4	2393	2026	307	199
308	1	308
309	4	1360	2288	309	854
310	8	288	834	2092	685	1616	113	310	1406
311	1	311
312	1	312
313	1	313
314	1	314
315	7	1120	1416	2056	1292	1746	315	893
316	1	316
317	3	2082	317	1638
318	1	318
319	1	319
320	5	320	1956	741	5	1579
321	3	321	1866	2180
322	15	322	901	363	1420	2158	2222	2321	1266	691	20	1365	1431	1688	762	2204
323	1	323
324	1	324
325	3	1040	2157	325
326	2	326	295
327	1	327
328	1	328
329	2	329	626
330	2	330	394
331	1	331
332	1	332
333	2	333	301
334	1	334
335	4	1442	1589	1383	335
336	6	929	1611	336	499	1883	1948
337	1	337
338	1	338
339	1	339
340	1	340
341	1	341
342	2	2233	342
343	12	1952	1378	291	2435	237	1296	2331	883	343	217	1179	1662
344	5	1922	1225	344	1531	766
345	1	345
346	2	346	1891
347	3	347	870	2407
348	9	1768	2218	365	1293	2000	2384	1462	348	221
349	1	349
350	4	24	1881	1244	350
351	1	351
352	8	352	973	1262	2420	1526	1304	2139	2429
353	1	353
354	4	354	1338	1190	559
355	3	355	651	2247
356	1	356
357	1	357
358	1	358
359	1	359
360	3	360	1514	2004
361	1	361
362	1	362
363	15	322	901	363	1420	2158	2222	2321	1266	691	20	1365	1431	1688	762	2204
364	3	364	1621	294
365	9	1768	2218	365	1293	2000	2384	1462	348	221
366	2	667	366
367	2	1673	367
368	1	368
369	4	1320	369	2280	446
370	2	370	399
371	2	371	1702
372	2	1530	372
373	5	1826	520	2291	373	378
374	1	374
375	8	1162	2093	2289	50	1619	436	87	375
376	6	1767	1199	1425	695	376	1018
377	2	377	2159
378	5	1826	520	2291	373	378
379	2	379	299
380	4	1000	785	380	1325
381	2	864	381
382	4	273	1906	2436	382
383	1	383
384	1	384
385	1	385
386	4	386	2365	2101	2303
387	1	387
388	10	800	2338	388	2246	1159	1641	2348	1712	753	1567
389	3	600	389	1263
390	4	1568	1390	2422	390
391	1	391
392	7	392	1257	108	304	919	1529	2108
393	1	393
394	2	330	394
395	2	395	1868
396	1	396
397	1	397
398	1	398
399	2	370	399
400	3	400	33	1083
401	2	401	2361
402	4	713	402	1811	2294
403	6	839	2344	618	403	2200	1118
404	1	404
405	2	133	405
406	7	1794	1062	38	1772	2191	406	1399
407	7	198	716	1428	981	2228	407	29
408	1	408
409	5	166	2186	1328	409	1146
410	1	410
411	2	411	1606
412	1	412
413	1	413
414	5	232	1484	1949	414	445
415	3	1655	1718	415
416	6	416	1541	178	1300	1847	2265
417	1	417
418	6	418	484	1196	655	1778	1759
419	3	960	419	990
420	5	420	1321	784	662	126
421	2	2173	421
422	6	961	739	422	2380	1933	727
423	1	423
424	2	424	782
425	5	738	1218	425	1708	2106
426	1	426
427	1	427
428	3	488	428	2256
429	1	429
430	7	197	1957	2406	430	2382	912	1940
431	1	431
432	4	432	553	722	637
433	2	433	1339
434	1	434
435	2	435	268
436	8	1162	2093	2289	50	1619	436	87	375
437	1	437
438	2	1189	438
439	1	439
440	1	440
441	2	441	700
442	1	442
443	2	443	2341
444	1	444
445	5	232	1484	1949	414	445
446	4	1320	369	2280	446
447	2	1791	447
448	1	448
449	7	449	99	966	712	210	1050	61
450	1	450
451	2	1082	451
452	1	452
453	11	675	453	201	1290	1036	1100	1203	1461	728	1753	2271
454	1	454
455	1	455
456	1	456
457	1	457
458	4	458	195	125	823
459	1	459
460	1	460
461	1	461
462	1	462
463	3	1417	1367	463
464	4	464	2409	1276	975
465	1	465
466	4	466	2100	1221	30
467	3	467	2053	286
468	1	468
469	4	1280	1362	469	1903
470	2	891	470
471	4	2223	2268	598	471
472	1	472
473	1	473
474	3	474	2090	2126
475	1	475
476	1	476
477	1	477
478	1	478
479	5	771	843	2096	1427	479
480	3	480	1981	1750
481	5	481	1644	2029	2128	218
482	1	482
483	1	483
484	6	418	484	1196	655	1778	1759
485	1	485
486	1	486
487	7	1344	487	2152	2408	1459	1368	539
488	3	488	428	2256
489	8	66	1415	489	718	2196	1685	635	2109
490	1	490
491	1	491
492	6	2241	707	492	2094	80	819
493	5	1133	493	909	1743	540
494	6	808	2060	494	751	2068	888
495	5	1859	1799	2153	495	1087
496	1	496
497	4	1160	497	931	1078
498	3	576	498	1245
499	6	929	1611	336	499	1883	1948
500	6	803	2054	500	1144	1945	602
501	1	501
502	1	502
503	1	503
504	1	504
505	6	1497	1486	1073	760	505	2077
506	3	506	1860	1610
507	5	1152	43	2008	536	507
508	3	508	2316	1663
509	1	509
510	5	1996	847	1713	696	510
511	2	1968	511
512	1	512
513	15	513	1985	2087	1384	2313	2284	109	143	2397	1332	85	1525	2167	1372	1309
514	2	1800	514
515	7	515	2243	72	971	1720	636	1503
516	7	2240	516	266	12	175	17	1143
517	2	41	517
518	2	4	518
519	1	519
520	5	1826	520	2291	373	378
521	1	521
522	1	522
523	4	842	523	1575	922
524	18	993	578	1346	1156	1636	524	1260	1006	1327	1359	983	2195	1460	1658	663	58	794	1150
525	1	525
526	1	526
527	2	1074	527
528	1	528
529	4	529	531	1932	631
530	3	1121	530	1421
531	4	529	531	1932	631
532	2	2428	532
533	4	112	1938	1587	533
534	1	534
535	8	225	2276	1010	1842	1396	1494	535	1917
536	5	1152	43	2008	536	507
537	7	1991	1770	1233	2098	537	954	989
538	1	538
539	7	1344	487	2152	2408	1459	1368	539
540	5	1133	493	909	1743	540
541	1	541
542	6	550	2150	1102	2007	1210	542
543	1	543
544	3	544	921	2036
545	3	1512	545	774
546	1	546
547	1	547
548	1	548
549	1	549
550	6	550	2150	1102	2007	1210	542
551	1	551
552	3	552	1288	890
553	4	432	553	722	637
554	1	554
555	2	555	1995
556	4	988	75	556	55
557	1	557
558	4	128	90	2387	558
559	4	354	1338	1190	559
560	1	560
561	4	561	905	212	1989
562	4	1969	562	76	1797
563	3	1177	563	2259
564	1	564
565	1	565
566	4	935	116	566	279
567	4	152	796	1287	567
568	3	568	865	1501
569	2	569	2293
570	2	570	1119
571	4	1026	571	972	941
572	3	2104	49	572
573	1	573
574	1	574
575	1	575
576	3	576	498	1245
577	1	577
578	18	993	578	1346	1156	1636	524	1260	1006	1327	1359	983	2195	1460	1658	663	58	794	1150
579	2	579	111
580	1	580
581	1	581
582	6	582	1896	1943	1139	791	1433
583	4	2304	1349	94	583
584	1	584
585	2	585	1777
586	3	2305	586	943
587	1	587
588	1	588
589	7	1924	869	589	2031	1267	2131	987
590	5	1060	1286	1774	590	1264
591	2	2213	591
592	1	592
593	3	593	613	2182
594	1	594
595	4	1194	595	740	2037
596	4	1057	1594	596	821
597	4	258	2378	597	1534
598	4	2223	2268	598	471
599	2	1295	599
600	3	600	389	1263
601	3	601	1188	2025
602	6	803	2054	500	1144	1945	602
603	2	603	644
604	2	604	1301
605	2	605	1973
606	3	836	1885	606
607	1	607
608	3	608	1054	735
609	9	2176	609	1795	1319	2183	173	1137	1044	1628
610	7	1409	610	1921	743	1895	1908	183
611	7	611	934	1096	1042	1622	2205	254
612	1	612
613	3	593	613	2182
614	4	129	1141	614	2286
615	1	615
616	1	616
617	1	617
618	6	839	2344	618	403	2200	1118
619	1	619
620	1	620
621	1	621
622	2	845	622
623	1	623
624	1	624
625	6	1440	1732	68	625	1404	2431
626	2	329	626
627	2	627	2310
628	6	1185	1890	1066	628	1783	1690
629	5	933	1354	629	1274	2140
630	1	630
631	4	529	531	1932	631
632	1	632
633	2	633	1085
634	3	634	1013	1677
635	8	66	1415	489	718	2196	1685	635	2109
636	7	515	2243	72	971	1720	636	1503
637	4	432	553	722	637
638	1	638
639	6	1571	2250	723	828	2334	639
640	1	640
641	3	2368	641	1491
642	1	642
643	2	643	2311
644	2	603	644
645	10	645	40	1769	2217	875	1451	1069	1902	1934	2399
646	5	646	1067	1324	1329	2065
647	1	647
648	1	648
649	2	1424	649
650	1	650
651	3	355	651	2247
652	1	652
653	2	653	1047
654	2	1136	654
655	6	418	484	1196	655	1778	1759
656	1	656
657	1	657
658	1	658
659	3	1376	659	2086
660	6	1449	844	978	660	1557	1597
661	2	764	661
662	5	420	1321	784	662	126
663	18	993	578	1346	1156	1636	524	1260	1006	1327	1359	983	2195	1460	1658	663	58	794	1150
664	1	664
665	8	2145	1095	1387	1554	1075	665	1021	1023
666	1	666
667	2	667	366
668	1	668
669	1	669
670	1	670
671	3	1900	1574	671
672	1	672
673	1	673
674	4	977	674	1961	2156
675	11	675	453	201	1290	1036	1100	1203	1461	728	1753	2271
676	1	676
677	4	1228	677	2262	1407
678	6	1664	866	678	1480	2281	724
679	1	679
680	1	680
681	1	681
682	1	682
683	3	2122	683	2251
684	1	684
685	8	288	834	2092	685	1616	113	310	1406
686	1	686
687	1	687
688	2	688	710
689	1	689
690	1	690
691	15	322	901	363	1420	2158	2222	2321	1266	691	20	1365	1431	1688	762	2204
692	1	692
693	2	1736	693
694	2	1872	694
695	6	1767	1199	1425	695	376	1018
696	5	1996	847	1713	696	510
697	1	697
698	1	698
699	1	699
700	2	441	700
701	1	701
702	6	2017	1731	2155	25	702	2367
703	1	703
704	1	704
705	7	705	1987	1672	1929	1167	2287	1117
706	1	706
707	6	2241	707	492	2094	80	819
708	1	708
709	1	709
710	2	688	710
711	1	711
712	7	449	99	966	712	210	1050	61
713	4	713	402	1811	2294
714	1	714
715	3	2369	715	1645
716	7	198	716	1428	981	2228	407	29
717	1	717
718	8	66	1415	489	718	2196	1685	635	2109
719	1	719
720	2	720	1364
721	1	721
722	4	432	553	722	637
723	6	1571	2250	723	828	2334	639
724	6	1664	866	678	1480	2281	724
725	2	725	2047
726	1	726
727	6	961	739	422	2380	1933	727
728	11	675	453	201	1290	1036	1100	1203	1461	728	1753	2271
729	5	2314	1580	2415	1779	729
730	3	1352	730	2133
731	1	731
732	2	732	300
733	1	733
734	3	1705	734	1375
735	3	608	1054	735
736	1	736
737	6	737	1255	1485	56	1306	767
738	5	738	1218	425	1708	2106
739	6	961	739	422	2380	1933	727
740	4	1194	595	740	2037
741	5	320	1956	741	5	1579
742	1	742
743	7	1409	610	1921	743	1895	1908	183
744	5	2	744	1357	2327	923
745	1	745
746	1	746
747	4	120	1418	747	1599
748	2	1145	748
749	4	992	2129	1661	749
750	1	750
751	6	808	2060	494	751	2068	888
752	2	752	1371
753	10	800	2338	388	2246	1159	1641	2348	1712	753	1567
754	3	1944	754	1318
755	2	1363	755
756	1	756
757	4	1674	757	790	1542
758	3	816	2160	758
759	1	759
760	6	1497	1486	1073	760	505	2077
761	1	761
762	15	322	901	363	1420	2158	2222	2321	1266	691	20	1365	1431	1688	762	2204
763	1	763
764	2	764	661
765	1	765
766	5	1922	1225	344	1531	766
767	6	737	1255	1485	56	1306	767
768	1	768
769	1	769
770	1	770
771	5	771	843	2096	1427	479
772	4	1993	772	2181	820
773	1	773
774	3	1512	545	774
775	2	1059	775
776	1	776
777	1	777
778	3	1496	1569	778
779	1	779
780	1	780
781	1	781
782	2	424	782
783	3	1904	1974	783
784	5	420	1321	784	662	126
785	4	1000	785	380	1325
786	1	786
787	1	787
788	3	219	788	2069
789	5	1248	1538	234	209	789
790	4	1674	757	790	1542
791	6	582	1896	1943	1139	791	1433
792	1	792
793	1	793
794	18	993	578	1346	1156	1636	524	1260	1006	1327	1359	983	2195	1460	1658	663	58	794	1150
795	1	795
796	4	152	796	1287	567
797	5	2445	174	1752	1178	797
798	7	1413	1513	1899	146	1650	220	798
799	1	799
800	10	800	2338	388	2246	1159	1641	2348	1712	753	1567
801	1	801
802	1	802
803	6	803	2054	500	1144	1945	602
804	3	1704	898	804
805	3	2322	1373	805
806	1	806
807	3	1643	51	807
808	6	808	2060	494	751	2068	888
809	1	809
810	1	810
811	1	811
812	1	812
813	4	1962	1492	276	813
814	1	814
815	1	815
816	3	816	2160	758
817	1	817
818	1	818
819	6	2241	707	492	2094	80	819
820	4	1993	772	2181	820
821	4	1057	1594	596	821
822	1	822
823	4	458	195	125	823
824	3	824	2226	2166
825	1	825
826	1	826
827	4	1576	889	827	44
828	6	1571	2250	723	828	2334	639
829	1	829
830	1	830
831	3	2282	1165	831
832	3	832	1414	1111
833	3	833	34	1435
834	8	288	834	2092	685	1616	113	310	1406
835	2	2216	835
836	3	836	1885	606
837	1	837
838	1	838
839	6	839	2344	618	403	2200	1118
840	1	840
841	1	841
842	4	842	523	1575	922
843	5	771	843	2096	1427	479
844	6	1449	844	978	660	1557	1597
845	2	845	622
846	1	846
847	5	1996	847	1713	696	510
848	4	848	1648	1710	2071
849	1	849
850	1	850
851	2	851	1581
852	1	852
853	4	1041	962	853	1471
854	4	1360	2288	309	854
855	2	1168	855
856	4	856	1202	1282	1845
857	3	857	1298	1564
858	1	858
859	2	1848	859
860	3	2234	1699	860
861	1	861
862	4	1226	1034	862	2039
863	1	863
864	2	864	381
865	3	568	865	1501
866	6	1664	866	678	1480	2281	724
867	2	1250	867
868	2	868	2198
869	7	1924	869	589	2031	1267	2131	987
870	3	347	870	2407
871	3	179	60	871
872	6	96	162	872	1676	1709	2426
873	3	873	1468	222
874	1	874
875	10	645	40	1769	2217	875	1451	1069	1902	1934	2399
876	6	1761	196	1094	876	2317	1140
877	2	2048	877
878	1	878
879	4	290	228	1861	879
880	1	880
881	4	2390	881	1612	1206
882	2	882	1682
883	12	1952	1378	291	2435	237	1296	2331	883	343	217	1179	1662
884	17	97	2210	1027	2020	1445	2084	1737	1833	1865	1388	270	1651	884	1268	1878	154	2267
885	1	885
886	1	886
887	1	887
888	6	808	2060	494	751	2068	888
889	4	1576	889	827	44
890	3	552	1288	890
891	2	891	470
892	1	892
893	7	1120	1416	2056	1292	1746	315	893
894	4	1970	2433	1722	894
895	1	895
896	2	896	1816
897	1	897
898	3	1704	898	804
899	1	899
900	7	2272	900	170	269	1775	2238	1951
901	15	322	901	363	1420	2158	2222	2321	1266	691	20	1365	1431	1688	762	2204
902	1	902
903	1	903
904	3	248	904	1192
905	4	561	905	212	1989
906	1	906
907	1	907
908	1	908
909	5	1133	493	909	1743	540
910	1	910
911	1	911
912	7	197	1957	2406	430	2382	912	1940
913	1	913
914	1	914
915	1	915
916	4	1128	65	1578	916
917	4	1657	2379	2260	917
918	4	1520	1466	1045	918
919	7	392	1257	108	304	919	1529	2108
920	1	920
921	3	544	921	2036
922	4	842	523	1575	922
923	5	2	744	1357	2327	923
924	1	924
925	1	925
926	2	2342	926
927	2	2214	927
928	1	928
929	6	929	1611	336	499	1883	1948
930	1	930
931	4	1160	497	931	1078
932	1	932
933	5	933	1354	629	1274	2140
934	7	611	934	1096	1042	1622	2205	254
935	4	935	116	566	279
936	1	936
937	1	937
938	1	938
939	1	939
940	1	940
941	4	1026	571	972	941
942	1	942
943	3	2305	586	943
944	1	944
945	1	945
946	1	946
947	1	947
948	1	948
949	2	949	1158
950	1	950
951	4	2400	2239	11	951
952	6	100	229	2052	1550	952	2012
953	4	953	1395	1812	1430
954	7	1991	1770	1233	2098	537	954	989
955	1	955
956	1	956
957	1	957
958	1	958
959	6	1251	1488	2353	1337	1341	959
960	3	960	419	990
961	6	961	739	422	2380	1933	727
962	4	1041	962	853	1471
963	1	963
964	1	964
965	1	965
966	7	449	99	966	712	210	1050	61
967	2	2147	967
968	1	968
969	1	969
970	1	970
971	7	515	2243	72	971	1720	636	1503
972	4	1026	571	972	941
973	8	352	973	1262	2420	1526	1304	2139	2429
974	1	974
975	4	464	2409	1276	975
976	1	976
977	4	977	674	1961	2156
978	6	1449	844	978	660	1557	1597
979	1	979
980	7	1857	1925	70	2088	1258	980	1307
981	7	198	716	1428	981	2228	407	29
982	2	982	1551
983	18	993	578	1346	1156	1636	524	1260	1006	1327	1359	983	2195	1460	1658	663	58	794	1150
984	1	984
985	3	985	2370	2356
986	5	35	1667	2151	1479	986
987	7	1924	869	589	2031	1267	2131	987
988	4	988	75	556	55
989	7	1991	1770	1233	2098	537	954	989
990	3	960	419	990
991	1	991
992	4	992	2129	1661	749
993	18	993	578	1346	1156	1636	524	1260	1006	1327	1359	983	2195	1460	1658	663	58	794	1150
994	6	994	2274	236	1015	1467	1022
995	1	995
996	1	996
997	2	1698	997
998	2	2121	998
999	5	161	999	2030	251	1311
1000	4	1000	785	380	1325
1001	1	1001
1002	1	1002
1003	1	1003
1004	2	2385	1004
1005	2	1005	1038
1006	18	993	578	1346	1156	1636	524	1260	1006	1327	1359	983	2195	1460	1658	663	58	794	1150
1007	1	1007
1008	6	2148	1994	2063	1008	249	2207
1009	1	1009
1010	8	225	2276	1010	1842	1396	1494	535	1917
1011	1	1011
1012	1	1012
1013	3	634	1013	1677
1014	1	1014
1015	6	994	2274	236	1015	1467	1022
1016	4	8	1016	1163	2168
1017	2	1017	1507
1018	6	1767	1199	1425	695	376	1018
1019	1	1019
1020	3	1124	2298	1020
1021	8	2145	1095	1387	1554	1075	665	1021	1023
1022	6	994	2274	236	1015	1467	1022
1023	8	2145	1095	1387	1554	1075	665	1021	1023
1024	1	1024
1025	3	1025	1099	1470
1026	4	1026	571	972	941
1027	17	97	2210	1027	2020	1445	2084	1737	1833	1865	1388	270	1651	884	1268	1878	154	2267
1028	1	1028
1029	2	147	1029
1030	2	1670	1030
1031	3	2123	2302	1031
1032	3	1032	1090	107
1033	3	1033	1572	1782
1034	4	1226	1034	862	2039
1035	1	1035
1036	11	675	453	201	1290	1036	1100	1203	1461	728	1753	2271
1037	2	1037	261
1038	2	1005	1038
1039	1	1039
1040	3	1040	2157	325
1041	4	1041	962	853	1471
1042	7	611	934	1096	1042	1622	2205	254
1043	4	184	1043	1852	1499
1044	9	2176	609	1795	1319	2183	173	1137	1044	1628
1045	4	1520	1466	1045	918
1046	1	1046
1047	2	653	1047
1048	1	1048
1049	1	1049
1050	7	449	99	966	712	210	1050	61
1051	1	1051
1052	3	1052	1173	2255
1053	1	1053
1054	3	608	1054	735
1055	5	1988	206	1426	1142	1055
1056	4	1056	145	1888	1239
1057	4	1057	1594	596	821
1058	4	2083	1058	1539	2045
1059	2	1059	775
1060	5	1060	1286	1774	590	1264
1061	1	1061
1062	7	1794	1062	38	1772	2191	406	1399
1063	1	1063
1064	3	1064	1180	172
1065	1	1065
1066	6	1185	1890	1066	628	1783	1690
1067	5	646	1067	1324	1329	2065
1068	4	203	1068	1979	1358
1069	10	645	40	1769	2217	875	1451	1069	1902	1934	2399
1070	1	1070
1071	1	1071
1072	1	1072
1073	6	1497	1486	1073	760	505	2077
1074	2	1074	527
1075	8	2145	1095	1387	1554	1075	665	1021	1023
1076	4	1897	1076	302	2375
1077	1	1077
1078	4	1160	497	931	1078
1079	2	1675	1079
1080	1	1080
1081	1	1081
1082	2	1082	451
1083	3	400	33	1083
1084	1	1084
1085	2	633	1085
1086	2	274	1086
1087	5	1859	1799	2153	495	1087
1088	2	1088	2410
1089	1	1089
1090	3	1032	1090	107
1091	1	1091
1092	2	1092	239
1093	3	2211	1716	1093
1094	6	1761	196	1094	876	2317	1140
1095	8	2145	1095	1387	1554	1075	665	1021	1023
1096	7	611	934	1096	1042	1622	2205	254
1097	2	1097	1106
1098	5	1481	1098	1707	1204	277
1099	3	1025	1099	1470
1100	11	675	453	201	1290	1036	1100	1203	1461	728	1753	2271
1101	1	1101
1102	6	550	2150	1102	2007	1210	542
1103	1	1103
1104	7	1313	2049	2283	1517	1104	1946	62
1105	1	1105
1106	2	1097	1106
1107	2	1107	1285
1108	1	1108
1109	1	1109
1110	1	1110
1111	3	832	1414	1111
1112	1	1112
1113	1	1113
1114	1	1114
1115	3	1176	1506	1115
1116	1	1116
1117	7	705	1987	1672	1929	1167	2287	1117
1118	6	839	2344	618	403	2200	1118
1119	2	570	1119
1120	7	1120	1416	2056	1292	1746	315	893
1121	3	1121	530	1421
1122	1	1122
1123	3	1754	1123	14
1124	3	1124	2298	1020
1125	4	2185	1125	1686	1967
1126	2	292	1126
1127	1	1127
1128	4	1128	65	1578	916
1129	3	1129	2359	2119
1130	1	1130
1131	1	1131
1132	1	1132
1133	5	1133	493	909	1743	540
1134	3	2395	1563	1134
1135	1	1135
1136	2	1136	654
1137	9	2176	609	1795	1319	2183	173	1137	1044	1628
1138	1	1138
1139	6	582	1896	1943	1139	791	1433
1140	6	1761	196	1094	876	2317	1140
1141	4	129	1141	614	2286
1142	5	1988	206	1426	1142	1055
1143	7	2240	516	266	12	175	17	1143
1144	6	803	2054	500	1144	1945	602
1145	2	1145	748
1146	5	166	2186	1328	409	1146
1147	1	1147
1148	1	1148
1149	3	1223	1149	271
1150	18	993	578	1346	1156	1636	524	1260	1006	1327	1359	983	2195	1460	1658	663	58	794	1150
1151	1	1151
1152	5	1152	43	2008	536	507
1153	4	2232	1153	1164	2134
1154	5	1154	2275	1446	2220	1614
1155	1	1155
1156	18	993	578	1346	1156	1636	524	1260	1006	1327	1359	983	2195	1460	1658	663	58	794	1150
1157	2	1157	2278
1158	2	949	1158
1159	10	800	2338	388	2246	1159	1641	2348	1712	753	1567
1160	4	1160	497	931	1078
1161	2	1161	250
1162	8	1162	2093	2289	50	1619	436	87	375
1163	4	8	1016	1163	2168
1164	4	2232	1153	1164	2134
1165	3	2282	1165	831
1166	1	1166
1167	7	705	1987	1672	1929	1167	2287	1117
1168	2	1168	855
1169	2	1169	158
1170	1	1170
1171	1	1171
1172	1	1172
1173	3	1052	1173	2255
1174	1	1174
1175	3	1584	1624	1175
1176	3	1176	1506	1115
1177	3	1177	563	2259
1178	5	2445	174	1752	1178	797
1179	12	1952	1378	291	2435	237	1296	2331	883	343	217	1179	1662
1180	3	1064	1180	172
1181	3	1867	165	1181
1182	5	1477	1350	1450	1370	1182
1183	1	1183
1184	1	1184
1185	6	1185	1890	1066	628	1783	1690
1186	1	1186
1187	3	1187	1910	1523
1188	3	601	1188	2025
1189	2	1189	438
1190	4	354	1338	1190	559
1191	3	1216	1635	1191
1192	3	248	904	1192
1193	1	1193
1194	4	1194	595	740	2037
1195	2	2290	1195
1196	6	418	484	1196	655	1778	1759
1197	2	305	1197
1198	1	1198
1199	6	1767	1199	1425	695	376	1018
1200	1	1200
1201	3	241	1201	1660
1202	4	856	1202	1282	1845
1203	11	675	453	201	1290	1036	1100	1203	1461	728	1753	2271
1204	5	1481	1098	1707	1204	277
1205	1	1205
1206	4	2390	881	1612	1206
1207	1	1207
1208	1	1208
1209	1	1209
1210	6	550	2150	1102	2007	1210	542
1211	1	1211
1212	1	1212
1213	8	1536	6	2059	2061	1456	1436	1213	1279
1214	1	1214
1215	1	1215
1216	3	1216	1635	1191
1217	1	1217
1218	5	738	1218	425	1708	2106
1219	1	1219
1220	2	2001	1220
1221	4	466	2100	1221	30
1222	1	1222
1223	3	1223	1149	271
1224	1	1224
1225	5	1922	1225	344	1531	766
1226	4	1226	1034	862	2039
1227	1	1227
1228	4	1228	677	2262	1407
1229	1	1229
1230	1	1230
1231	1	1231
1232	1	1232
1233	7	1991	1770	1233	2098	537	954	989
1234	1	1234
1235	1	1235
1236	1	1236
1237	3	1874	1237	2022
1238	3	1336	1238	1727
1239	4	1056	145	1888	1239
1240	3	1240	1806	1863
1241	2	2144	1241
1242	1	1242
1243	2	1243	1789
1244	4	24	1881	1244	350
1245	3	576	498	1245
1246	1	1246
1247	1	1247
1248	5	1248	1538	234	209	789
1249	1	1249
1250	2	1250	867
1251	6	1251	1488	2353	1337	1341	959
1252	1	1252
1253	1	1253
1254	1	1254
1255	6	737	1255	1485	56	1306	767
1256	1	1256
1257	7	392	1257	108	304	919	1529	2108
1258	7	1857	1925	70	2088	1258	980	1307
1259	2	32	1259
1260	18	993	578	1346	1156	1636	524	1260	1006	1327	1359	983	2195	1460	1658	663	58	794	1150
1261	1	1261
1262	8	352	973	1262	2420	1526	1304	2139	2429
1263	3	600	389	1263
1264	5	1060	1286	1774	590	1264
1265	2	1265	1335
1266	15	322	901	363	1420	2158	2222	2321	1266	691	20	1365	1431	1688	762	2204
1267	7	1924	869	589	2031	1267	2131	987
1268	17	97	2210	1027	2020	1445	2084	1737	1833	1865	1388	270	1651	884	1268	1878	154	2267
1269	3	1269	86	71
1270	1	1270
1271	1	1271
1272	1	1272
1273	3	57	1273	2447
1274	5	933	1354	629	1274	2140
1275	1	1275
1276	4	464	2409	1276	975
1277	1	1277
1278	1	1278
1279	8	1536	6	2059	2061	1456	1436	1213	1279
1280	4	1280	1362	469	1903
1281	1	1281
1282	4	856	1202	1282	1845
1283	1	1283
1284	1	1284
1285	2	1107	1285
1286	5	1060	1286	1774	590	1264
1287	4	152	796	1287	567
1288	3	552	1288	890
1289	3	1289	2074	1804
1290	11	675	453	201	1290	1036	1100	1203	1461	728	1753	2271
1291	1	1291
1292	7	1120	1416	2056	1292	1746	315	893
1293	9	1768	2218	365	1293	2000	2384	1462	348	221
1294	1	1294
1295	2	1295	599
1296	12	1952	1378	291	2435	237	1296	2331	883	343	217	1179	1662
1297	1	1297
1298	3	857	1298	1564
1299	1	1299
1300	6	416	1541	178	1300	1847	2265
1301	2	604	1301
1302	1	1302
1303	1	1303
1304	8	352	973	1262	2420	1526	1304	2139	2429
1305	2	1305	2009
1306	6	737	1255	1485	56	1306	767
1307	7	1857	1925	70	2088	1258	980	1307
1308	3	1308	53	1398
1309	15	513	1985	2087	1384	2313	2284	109	143	2397	1332	85	1525	2167	1372	1309
1310	1	1310
1311	5	161	999	2030	251	1311
1312	2	1312	1374
1313	7	1313	2049	2283	1517	1104	1946	62
1314	1	1314
1315	1	1315
1316	1	1316
1317	1	1317
1318	3	1944	754	1318
1319	9	2176	609	1795	1319	2183	173	1137	1044	1628
1320	4	1320	369	2280	446
1321	5	420	1321	784	662	126
1322	1	1322
1323	1	1323
1324	5	646	1067	1324	1329	2065
1325	4	1000	785	380	1325
1326	2	1521	1326
1327	18	993	578	1346	1156	1636	524	1260	1006	1327	1359	983	2195	1460	1658	663	58	794	1150
1328	5	166	2186	1328	409	1146
1329	5	646	1067	1324	1329	2065
1330	2	1330	1603
1331	2	1331	142
1332	15	513	1985	2087	1384	2313	2284	109	143	2397	1332	85	1525	2167	1372	1309
1333	1	1333
1334	1	1334
1335	2	1265	1335
1336	3	1336	1238	1727
1337	6	1251	1488	2353	1337	1341	959
1338	4	354	1338	1190	559
1339	2	433	1339
1340	1	1340
1341	6	1251	1488	2353	1337	1341	959
1342	1	1342
1343	1	1343
1344	7	1344	487	2152	2408	1459	1368	539
1345	2	2328	1345
1346	18	993	578	1346	1156	1636	524	1260	1006	1327	1359	983	2195	1460	1658	663	58	794	1150
1347	2	2450	1347
1348	1	1348
1349	4	2304	1349	94	583
1350	5	1477	1350	1450	1370	1182
1351	3	265	2363	1351
1352	3	1352	730	2133
1353	2	256	1353
1354	5	933	1354	629	1274	2140
1355	1	1355
1356	1	1356
1357	5	2	744	1357	2327	923
1358	4	203	1068	1979	1358
1359	18	993	578	1346	1156	1636	524	1260	1006	1327	1359	983	2195	1460	1658	663	58	794	1150
1360	4	1360	2288	309	854
1361	2	1361	2438
1362	4	1280	1362	469	1903
1363	2	1363	755
1364	2	720	1364
1365	15	322	901	363	1420	2158	2222	2321	1266	691	20	1365	1431	1688	762	2204
1366	1	1366
1367	3	1417	1367	463
1368	7	1344	487	2152	2408	1459	1368	539
1369	4	208	1369	110	151
1370	5	1477	1350	1450	1370	1182
1371	2	752	1371
1372	15	513	1985	2087	1384	2313	2284	109	143	2397	1332	85	1525	2167	1372	1309
1373	3	2322	1373	805
1374	2	1312	1374
1375	3	1705	734	1375
1376	3	1376	659	2086
1377	1	1377
1378	12	1952	1378	291	2435	237	1296	2331	883	343	217	1179	1662
1379	1	1379
1380	1	1380
1381	1	1381
1382	3	1747	1382	7
1383	4	1442	1589	1383	335
1384	15	513	1985	2087	1384	2313	2284	109	143	2397	1332	85	1525	2167	1372	1309
1385	4	1385	59	1836	163
1386	3	1386	2130	1999
1387	8	2145	1095	1387	1554	1075	665	1021	1023
1388	17	97	2210	1027	2020	1445	2084	1737	1833	1865	1388	270	1651	884	1268	1878	154	2267
1389	1	1389
1390	4	1568	1390	2422	390
1391	1	1391
1392	1	1392
1393	5	1408	1740	2032	1393	1853
1394	1	1394
1395	4	953	1395	1812	1430
1396	8	225	2276	1010	1842	1396	1494	535	1917
1397	1	1397
1398	3	1308	53	1398
1399	7	1794	1062	38	1772	2191	406	1399
1400	1	1400
1401	1	1401
1402	1	1402
1403	1	1403
1404	6	1440	1732	68	625	1404	2431
1405	1	1405
1406	8	288	834	2092	685	1616	113	310	1406
1407	4	1228	677	2262	1407
1408	5	1408	1740	2032	1393	1853
1409	7	1409	610	1921	743	1895	1908	183
1410	3	1410	189	2335
1411	3	1832	1411	2252
1412	1	1412
1413	7	1413	1513	1899	146	1650	220	798
1414	3	832	1414	1111
1415	8	66	1415	489	718	2196	1685	635	2109
1416	7	1120	1416	2056	1292	1746	315	893
1417	3	1417	1367	463
1418	4	120	1418	747	1599
1419	1	1419
1420	15	322	901	363	1420	2158	2222	2321	1266	691	20	1365	1431	1688	762	2204
1421	3	1121	530	1421
1422	2	73	1422
1423	1	1423
1424	2	1424	649
1425	6	1767	1199	1425	695	376	1018
1426	5	1988	206	1426	1142	1055
1427	5	771	843	2096	1427	479
1428	7	198	716	1428	981	2228	407	29
1429	3	1955	1876	1429
1430	4	953	1395	1812	1430
1431	15	322	901	363	1420	2158	2222	2321	1266	691	20	1365	1431	1688	762	2204
1432	3	1432	2418	1452
1433	6	582	1896	1943	1139	791	1433
1434	1	1434
1435	3	833	34	1435
1436	8	1536	6	2059	2061	1456	1436	1213	1279
1437	1	1437
1438	1	1438
1439	1	1439
1440	6	1440	1732	68	625	1404	2431
1441	1	1441
1442	4	1442	1589	1383	335
1443	2	2209	1443
1444	1	1444
1445	17	97	2210	1027	2020	1445	2084	1737	1833	1865	1388	270	1651	884	1268	1878	154	2267
1446	5	1154	2275	1446	2220	1614
1447	1	1447
1448	1	1448
1449	6	1449	844	978	660	1557	1597
1450	5	1477	1350	1450	1370	1182
1451	10	645	40	1769	2217	875	1451	1069	1902	1934	2399
1452	3	1432	2418	1452
1453	1	1453
1454	1	1454
1455	1	1455
1456	8	1536	6	2059	2061	1456	1436	1213	1279
1457	1	1457
1458	1	1458
1459	7	1344	487	2152	2408	1459	1368	539
1460	18	993	578	1346	1156	1636	524	1260	1006	1327	1359	983	2195	1460	1658	663	58	794	1150
1461	11	675	453	201	1290	1036	1100	1203	1461	728	1753	2271
1462	9	1768	2218	365	1293	2000	2384	1462	348	221
1463	1	1463
1464	3	1464	2362	101
1465	1	1465
1466	4	1520	1466	1045	918
1467	6	994	2274	236	1015	1467	1022
1468	3	873	1468	222
1469	1	1469
1470	3	1025	1099	1470
1471	4	1041	962	853	1471
1472	1	1472
1473	1	1473
1474	1	1474
1475	1	1475
1476	2	82	1476
1477	5	1477	1350	1450	1370	1182
1478	1	1478
1479	5	35	1667	2151	1479	986
1480	6	1664	866	678	1480	2281	724
1481	5	1481	1098	1707	1204	277
1482	1	1482
1483	1	1483
1484	5	232	1484	1949	414	445
1485	6	737	1255	1485	56	1306	767
1486	6	1497	1486	1073	760	505	2077
1487	1	1487
1488	6	1251	1488	2353	1337	1341	959
1489	2	1489	1805
1490	2	1490	2203
1491	3	2368	641	1491
1492	4	1962	1492	276	813
1493	1	1493
1494	8	225	2276	1010	1842	1396	1494	535	1917
1495	1	1495
1496	3	1496	1569	778
1497	6	1497	1486	1073	760	505	2077
1498	1	1498
1499	4	184	1043	1852	1499
1500	1	1500
1501	3	568	865	1501
1502	1	1502
1503	7	515	2243	72	971	1720	636	1503
1504	2	1504	205
1505	1	1505
1506	3	1176	1506	1115
1507	2	1017	1507
1508	1	1508
1509	1	1509
1510	1	1510
1511	1	1511
1512	3	1512	545	774
1513	7	1413	1513	1899	146	1650	220	798
1514	3	360	1514	2004
1515	1	1515
1516	1	1516
1517	7	1313	2049	2283	1517	1104	1946	62
1518	1	1518
1519	2	2254	1519
1520	4	1520	1466	1045	918
1521	2	1521	1326
1522	5	1741	1522	2261	2237	1983
1523	3	1187	1910	1523
1524	2	1524	2023
1525	15	513	1985	2087	1384	2313	2284	109	143	2397	1332	85	1525	2167	1372	1309
1526	8	352	973	1262	2420	1526	1304	2139	2429
1527	1	1527
1528	1	1528
1529	7	392	1257	108	304	919	1529	2108
1530	2	1530	372
1531	5	1922	1225	344	1531	766
1532	1	1532
1533	1	1533
1534	4	258	2378	597	1534
1535	1	1535
1536	8	1536	6	2059	2061	1456	1436	1213	1279
1537	1	1537
1538	5	1248	1538	234	209	789
1539	4	2083	1058	1539	2045
1540	1	1540
1541	6	416	1541	178	1300	1847	2265
1542	4	1674	757	790	1542
1543	1	1543
1544	3	1544	1730	1762
1545	1	1545
1546	1	1546
1547	1	1547
1548	1	1548
1549	1	1549
1550	6	100	229	2052	1550	952	2012
1551	2	982	1551
1552	1	1552
1553	1	1553
1554	8	2145	1095	1387	1554	1075	665	1021	1023
1555	1	1555
1556	2	1873	1556
1557	6	1449	844	978	660	1557	1597
1558	1	1558
1559	1	1559
1560	1	1560
1561	2	2432	1561
1562	1	1562
1563	3	2395	1563	1134
1564	3	857	1298	1564
1565	1	1565
1566	2	1613	1566
1567	10	800	2338	388	2246	1159	1641	2348	1712	753	1567
1568	4	1568	1390	2422	390
1569	3	1496	1569	778
1570	3	1570	2018	1590
1571	6	1571	2250	723	828	2334	639
1572	3	1033	1572	1782
1573	1	1573
1574	3	1900	1574	671
1575	4	842	523	1575	922
1576	4	1576	889	827	44
1577	4	1577	83	1844	2041
1578	4	1128	65	1578	916
1579	5	320	1956	741	5	1579
1580	5	2314	1580	2415	1779	729
1581	2	851	1581
1582	1	1582
1583	2	122	1583
1584	3	1584	1624	1175
1585	1	1585
1586	1	1586
1587	4	112	1938	1587	533
1588	1	1588
1589	4	1442	1589	1383	335
1590	3	1570	2018	1590
1591	1	1591
1592	1	1592
1593	2	1593	1735
1594	4	1057	1594	596	821
1595	1	1595
1596	1	1596
1597	6	1449	844	978	660	1557	1597
1598	2	2178	1598
1599	4	120	1418	747	1599
1600	1	1600
1601	1	1601
1602	1	1602
1603	2	1330	1603
1604	1	1604
1605	1	1605
1606	2	411	1606
1607	4	153	2351	1607	119
1608	1	1608
1609	1	1609
1610	3	506	1860	1610
1611	6	929	1611	336	499	1883	1948
1612	4	2390	881	1612	1206
1613	2	1613	1566
1614	5	1154	2275	1446	2220	1614
1615	1	1615
1616	8	288	834	2092	685	1616	113	310	1406
1617	1	1617
1618	2	1618	2099
1619	8	1162	2093	2289	50	1619	436	87	375
1620	1	1620
1621	3	364	1621	294
1622	7	611	934	1096	1042	1622	2205	254
1623	1	1623
1624	3	1584	1624	1175
1625	1	1625
1626	1	1626
1627	2	1627	214
1628	9	2176	609	1795	1319	2183	173	1137	1044	1628
1629	1	1629
1630	1	1630
1631	1	1631
1632	1	1632
1633	1	1633
1634	1	1634
1635	3	1216	1635	1191
1636	18	993	578	1346	1156	1636	524	1260	1006	1327	1359	983	2195	1460	1658	663	58	794	1150
1637	1	1637
1638	3	2082	317	1638
1639	1	1639
1640	1	1640
1641	10	800	2338	388	2246	1159	1641	2348	1712	753	1567
1642	1	1642
1643	3	1643	51	807
1644	5	481	1644	2029	2128	218
1645	3	2369	715	1645
1646	1	1646
1647	5	1796	1647	2264	1915	188
1648	4	848	1648	1710	2071
1649	1	1649
1650	7	1413	1513	1899	146	1650	220	798
1651	17	97	2210	1027	2020	1445	2084	1737	1833	1865	1388	270	1651	884	1268	1878	154	2267
1652	1	1652
1653	1	1653
1654	1	1654
1655	3	1655	1718	415
1656	1	1656
1657	4	1657	2379	2260	917
1658	18	993	578	1346	1156	1636	524	1260	1006	1327	1359	983	2195	1460	1658	663	58	794	1150
1659	2	98	1659
1660	3	241	1201	1660
1661	4	992	2129	1661	749
1662	12	1952	1378	291	2435	237	1296	2331	883	343	217	1179	1662
1663	3	508	2316	1663
1664	6	1664	866	678	1480	2281	724
1665	1	1665
1666	1	1666
1667	5	35	1667	2151	1479	986
1668	1	1668
1669	1	1669
1670	2	1670	1030
1671	3	2042	1982	1671
1672	7	705	1987	1672	1929	1167	2287	1117
1673	2	1673	367
1674	4	1674	757	790	1542
1675	2	1675	1079
1676	6	96	162	872	1676	1709	2426
1677	3	634	1013	1677
1678	1	1678
1679	1	1679
1680	1	1680
1681	1	1681
1682	2	882	1682
1683	2	2114	1683
1684	1	1684
1685	8	66	1415	489	718	2196	1685	635	2109
1686	4	2185	1125	1686	1967
1687	1	1687
1688	15	322	901	363	1420	2158	2222	2321	1266	691	20	1365	1431	1688	762	2204
1689	1	1689
1690	6	1185	1890	1066	628	1783	1690
1691	1	1691
1692	1	1692
1693	1	1693
1694	1	1694
1695	1	1695
1696	1	1696
1697	2	1697	227
1698	2	1698	997
1699	3	2234	1699	860
1700	2	1700	2269
1701	1	1701
1702	2	371	1702
1703	1	1703
1704	3	1704	898	804
1705	3	1705	734	1375
1706	1	1706
1707	5	1481	1098	1707	1204	277
1708	5	738	1218	425	1708	2106
1709	6	96	162	872	1676	1709	2426
1710	4	848	1648	1710	2071
1711	1	1711
1712	10	800	2338	388	2246	1159	1641	2348	1712	753	1567
1713	5	1996	847	1713	696	510
1714	1	1714
1715	1	1715
1716	3	2211	1716	1093
1717	1	1717
1718	3	1655	1718	415
1719	1	1719
1720	7	515	2243	72	971	1720	636	1503
1721	1	1721
1722	4	1970	2433	1722	894
1723	1	1723
1724	1	1724
1725	2	2113	1725
1726	1	1726
1727	3	1336	1238	1727
1728	1	1728
1729	1	1729
1730	3	1544	1730	1762
1731	6	2017	1731	2155	25	702	2367
1732	6	1440	1732	68	625	1404	2431
1733	1	1733
1734	1	1734
1735	2	1593	1735
1736	2	1736	693
1737	17	97	2210	1027	2020	1445	2084	1737	1833	1865	1388	270	1651	884	1268	1878	154	2267
1738	1	1738
1739	1	1739
1740	5	1408	1740	2032	1393	1853
1741	5	1741	1522	2261	2237	1983
1742	1	1742
1743	5	1133	493	909	1743	540
1744	1	1744
1745	1	1745
1746	7	1120	1416	2056	1292	1746	315	893
1747	3	1747	1382	7
1748	1	1748
1749	1	1749
1750	3	480	1981	1750
1751	3	243	1894	1751
1752	5	2445	174	1752	1178	797
1753	11	675	453	201	1290	1036	1100	1203	1461	728	1753	2271
1754	3	1754	1123	14
1755	1	1755
1756	2	1756	135
1757	2	132	1757
1758	1	1758
1759	6	418	484	1196	655	1778	1759
1760	1	1760
1761	6	1761	196	1094	876	2317	1140
1762	3	1544	1730	1762
1763	1	1763
1764	1	1764
1765	1	1765
1766	1	1766
1767	6	1767	1199	1425	695	376	1018
1768	9	1768	2218	365	1293	2000	2384	1462	348	221
1769	10	645	40	1769	2217	875	1451	1069	1902	1934	2399
1770	7	1991	1770	1233	2098	537	954	989
1771	1	1771
1772	7	1794	1062	38	1772	2191	406	1399
1773	1	1773
1774	5	1060	1286	1774	590	1264
1775	7	2272	900	170	269	1775	2238	1951
1776	1	1776
1777	2	585	1777
1778	6	418	484	1196	655	1778	1759
1779	5	2314	1580	2415	1779	729
1780	1	1780
1781	1	1781
1782	3	1033	1572	1782
1783	6	1185	1890	1066	628	1783	1690
1784	1	1784
1785	2	1785	2277
1786	1	1786
1787	1	1787
1788	1	1788
1789	2	1243	1789
1790	1	1790
1791	2	1791	447
1792	1	1792
1793	1	1793
1794	7	1794	1062	38	1772	2191	406	1399
1795	9	2176	609	1795	1319	2183	173	1137	1044	1628
1796	5	1796	1647	2264	1915	188
1797	4	1969	562	76	1797
1798	1	1798
1799	5	1859	1799	2153	495	1087
1800	2	1800	514
1801	2	1801	2396
1802	1	1802
1803	1	1803
1804	3	1289	2074	1804
1805	2	1489	1805
1806	3	1240	1806	1863
1807	1	1807
1808	1	1808
1809	1	1809
1810	1	1810
1811	4	713	402	1811	2294
1812	4	953	1395	1812	1430
1813	1	1813
1814	1	1814
1815	1	1815
1816	2	896	1816
1817	2	1817	2189
1818	1	1818
1819	2	2080	1819
1820	1	1820
1821	3	1840	1821	157
1822	1	1822
1823	1	1823
1824	1	1824
1825	1	1825
1826	5	1826	520	2291	373	378
1827	2	1827	2079
1828	1	1828
1829	1	1829
1830	1	1830
1831	1	1831
1832	3	1832	1411	2252
1833	17	97	2210	1027	2020	1445	2084	1737	1833	1865	1388	270	1651	884	1268	1878	154	2267
1834	1	1834
1835	1	1835
1836	4	1385	59	1836	163
1837	1	1837
1838	1	1838
1839	1	1839
1840	3	1840	1821	157
1841	1	1841
1842	8	225	2276	1010	1842	1396	1494	535	1917
1843	1	1843
1844	4	1577	83	1844	2041
1845	4	856	1202	1282	1845
1846	1	1846
1847	6	416	1541	178	1300	1847	2265
1848	2	1848	859
1849	1	1849
1850	2	1850	156
1851	1	1851
1852	4	184	1043	1852	1499
1853	5	1408	1740	2032	1393	1853
1854	1	1854
1855	1	1855
1856	1	1856
1857	7	1857	1925	70	2088	1258	980	1307
1858	1	1858
1859	5	1859	1799	2153	495	1087
1860	3	506	1860	1610
1861	4	290	228	1861	879
1862	1	1862
1863	3	1240	1806	1863
1864	1	1864
1865	17	97	2210	1027	2020	1445	2084	1737	1833	1865	1388	270	1651	884	1268	1878	154	2267
1866	3	321	1866	2180
1867	3	1867	165	1181
1868	2	395	1868
1869	1	1869
1870	1	1870
1871	1	1871
1872	2	1872	694
1873	2	1873	1556
1874	3	1874	1237	2022
1875	2	1875	2350
1876	3	1955	1876	1429
1877	1	1877
1878	17	97	2210	1027	2020	1445	2084	1737	1833	1865	1388	270	1651	884	1268	1878	154	2267
1879	1	1879
1880	1	1880
1881	4	24	1881	1244	350
1882	1	1882
1883	6	929	1611	336	499	1883	1948
1884	1	1884
1885	3	836	1885	606
1886	1	1886
1887	1	1887
1888	4	1056	145	1888	1239
1889	1	1889
1890	6	1185	1890	1066	628	1783	1690
1891	2	346	1891
1892	1	1892
1893	1	1893
1894	3	243	1894	1751
1895	7	1409	610	1921	743	1895	1908	183
1896	6	582	1896	1943	1139	791	1433
1897	4	1897	1076	302	2375
1898	1	1898
1899	7	1413	1513	1899	146	1650	220	798
1900	3	1900	1574	671
1901	1	1901
1902	10	645	40	1769	2217	875	1451	1069	1902	1934	2399
1903	4	1280	1362	469	1903
1904	3	1904	1974	783
1905	1	1905
1906	4	273	1906	2436	382
1907	1	1907
1908	7	1409	610	1921	743	1895	1908	183
1909	1	1909
1910	3	1187	1910	1523
1911	1	1911
1912	1	1912
1913	1	1913
1914	1	1914
1915	5	1796	1647	2264	1915	188
1916	1	1916
1917	8	225	2276	1010	1842	1396	1494	535	1917
1918	1	1918
1919	2	2142	1919
1920	1	1920
1921	7	1409	610	1921	743	1895	1908	183
1922	5	1922	1225	344	1531	766
1923	2	1923	2253
1924	7	1924	869	589	2031	1267	2131	987
1925	7	1857	1925	70	2088	1258	980	1307
1926	1	1926
1927	1	1927
1928	1	1928
1929	7	705	1987	1672	1929	1167	2287	1117
1930	1	1930
1931	2	1931	2043
1932	4	529	531	1932	631
1933	6	961	739	422	2380	1933	727
1934	10	645	40	1769	2217	875	1451	1069	1902	1934	2399
1935	1	1935
1936	1	1936
1937	2	1937	2307
1938	4	112	1938	1587	533
1939	1	1939
1940	7	197	1957	2406	430	2382	912	1940
1941	3	2392	2332	1941
1942	1	1942
1943	6	582	1896	1943	1139	791	1433
1944	3	1944	754	1318
1945	6	803	2054	500	1144	1945	602
1946	7	1313	2049	2283	1517	1104	1946	62
1947	3	2016	1947	2221
1948	6	929	1611	336	499	1883	1948
1949	5	232	1484	1949	414	445
1950	1	1950
1951	7	2272	900	170	269	1775	2238	1951
1952	12	1952	1378	291	2435	237	1296	2331	883	343	217	1179	1662
1953	3	1953	259	191
1954	1	1954
1955	3	1955	1876	1429
1956	5	320	1956	741	5	1579
1957	7	197	1957	2406	430	2382	912	1940
1958	1	1958
1959	1	1959
1960	1	1960
1961	4	977	674	1961	2156
1962	4	1962	1492	276	813
1963	1	1963
1964	1	1964
1965	1	1965
1966	1	1966
1967	4	2185	1125	1686	1967
1968	2	1968	511
1969	4	1969	562	76	1797
1970	4	1970	2433	1722	894
1971	1	1971
1972	1	1972
1973	2	605	1973
1974	3	1904	1974	783
1975	1	1975
1976	1	1976
1977	1	1977
1978	3	192	1978	2343
1979	4	203	1068	1979	1358
1980	1	1980
1981	3	480	1981	1750
1982	3	2042	1982	1671
1983	5	1741	1522	2261	2237	1983
1984	1	1984
1985	15	513	1985	2087	1384	2313	2284	109	143	2397	1332	85	1525	2167	1372	1309
1986	1	1986
1987	7	705	1987	1672	1929	1167	2287	1117
1988	5	1988	206	1426	1142	1055
1989	4	561	905	212	1989
1990	1	1990
1991	7	1991	1770	1233	2098	537	954	989
1992	3	216	2430	1992
1993	4	1993	772	2181	820
1994	6	2148	1994	2063	1008	249	2207
1995	2	555	1995
1996	5	1996	847	1713	696	510
1997	1	1997
1998	1	1998
1999	3	1386	2130	1999
2000	9	1768	2218	365	1293	2000	2384	1462	348	221
2001	2	2001	1220
2002	1	2002
2003	1	2003
2004	3	360	1514	2004
2005	1	2005
2006	1	2006
2007	6	550	2150	1102	2007	1210	542
2008	5	1152	43	2008	536	507
2009	2	1305	2009
2010	2	2345	2010
2011	1	2011
2012	6	100	229	2052	1550	952	2012
2013	1	2013
2014	1	2014
2015	1	2015
2016	3	2016	1947	2221
2017	6	2017	1731	2155	25	702	2367
2018	3	1570	2018	1590
2019	1	2019
2020	17	97	2210	1027	2020	1445	2084	1737	1833	1865	1388	270	1651	884	1268	1878	154	2267
2021	1	2021
2022	3	1874	1237	2022
2023	2	1524	2023
2024	1	2024
2025	3	601	1188	2025
2026	4	2393	2026	307	199
2027	1	2027
2028	1	2028
2029	5	481	1644	2029	2128	218
2030	5	161	999	2030	251	1311
2031	7	1924	869	589	2031	1267	2131	987
2032	5	1408	1740	2032	1393	1853
2033	1	2033
2034	1	2034
2035	1	2035
2036	3	544	921	2036
2037	4	1194	595	740	2037
2038	1	2038
2039	4	1226	1034	862	2039
2040	1	2040
2041	4	1577	83	1844	2041
2042	3	2042	1982	1671
2043	2	1931	2043
2044	1	2044
2045	4	2083	1058	1539	2045
2046	1	2046
2047	2	725	2047
2048	2	2048	877
2049	7	1313	2049	2283	1517	1104	1946	62
2050	2	2050	2381
2051	1	2051
2052	6	100	229	2052	1550	952	2012
2053	3	467	2053	286
2054	6	803	2054	500	1144	1945	602
2055	1	2055
2056	7	1120	1416	2056	1292	1746	315	893
2057	1	2057
2058	1	2058
2059	8	1536	6	2059	2061	1456	1436	1213	1279
2060	6	808	2060	494	751	2068	888
2061	8	1536	6	2059	2061	1456	1436	1213	1279
2062	1	2062
2063	6	2148	1994	2063	1008	249	2207
2064	2	2064	2320
2065	5	646	1067	1324	1329	2065
2066	1	2066
2067	1	2067
2068	6	808	2060	494	751	2068	888
2069	3	219	788	2069
2070	1	2070
2071	4	848	1648	1710	2071
2072	3	2072	2194	2248
2073	1	2073
2074	3	1289	2074	1804
2075	1	2075
2076	1	2076
2077	6	1497	1486	1073	760	505	2077
2078	1	2078
2079	2	1827	2079
2080	2	2080	1819
2081	1	2081
2082	3	2082	317	1638
2083	4	2083	1058	1539	2045
2084	17	97	2210	1027	2020	1445	2084	1737	1833	1865	1388	270	1651	884	1268	1878	154	2267
2085	3	2162	2085	2190
2086	3	1376	659	2086
2087	15	513	1985	2087	1384	2313	2284	109	143	2397	1332	85	1525	2167	1372	1309
2088	7	1857	1925	70	2088	1258	980	1307
2089	1	2089
2090	3	474	2090	2126
2091	1	2091
2092	8	288	834	2092	685	1616	113	310	1406
2093	8	1162	2093	2289	50	1619	436	87	375
2094	6	2241	707	492	2094	80	819
2095	1	2095
2096	5	771	843	2096	1427	479
2097	1	2097
2098	7	1991	1770	1233	2098	537	954	989
2099	2	1618	2099
2100	4	466	2100	1221	30
2101	4	386	2365	2101	2303
2102	1	2102
2103	1	2103
2104	3	2104	49	572
2105	1	2105
2106	5	738	1218	425	1708	2106
2107	1	2107
2108	7	392	1257	108	304	919	1529	2108
2109	8	66	1415	489	718	2196	1685	635	2109
2110	3	1	2110	95
2111	1	2111
2112	1	2112
2113	2	2113	1725
2114	2	2114	1683
2115	1	2115
2116	1	2116
2117	1	2117
2118	1	2118
2119	3	1129	2359	2119
2120	1	2120
2121	2	2121	998
2122	3	2122	683	2251
2123	3	2123	2302	1031
2124	1	2124
2125	1	2125
2126	3	474	2090	2126
2127	1	2127
2128	5	481	1644	2029	2128	218
2129	4	992	2129	1661	749
2130	3	1386	2130	1999
2131	7	1924	869	589	2031	1267	2131	987
2132	1	2132
2133	3	1352	730	2133
2134	4	2232	1153	1164	2134
2135	1	2135
2136	1	2136
2137	1	2137
2138	1	2138
2139	8	352	973	1262	2420	1526	1304	2139	2429
2140	5	933	1354	629	1274	2140
2141	1	2141
2142	2	2142	1919
2143	1	2143
2144	2	2144	1241
2145	8	2145	1095	1387	1554	1075	665	1021	1023
2146	1	2146
2147	2	2147	967
2148	6	2148	1994	2063	1008	249	2207
2149	1	2149
2150	6	550	2150	1102	2007	1210	542
2151	5	35	1667	2151	1479	986
2152	7	1344	487	2152	2408	1459	1368	539
2153	5	1859	1799	2153	495	1087
2154	2	2154	2403
2155	6	2017	1731	2155	25	702	2367
2156	4	977	674	1961	2156
2157	3	1040	2157	325
2158	15	322	901	363	1420	2158	2222	2321	1266	691	20	1365	1431	1688	762	2204
2159	2	377	2159
2160	3	816	2160	758
2161	1	2161
2162	3	2162	2085	2190
2163	1	2163
2164	2	42	2164
2165	1	2165
2166	3	824	2226	2166
2167	15	513	1985	2087	1384	2313	2284	109	143	2397	1332	85	1525	2167	1372	1309
2168	4	8	1016	1163	2168
2169	1	2169
2170	1	2170
2171	1	2171
2172	1	2172
2173	2	2173	421
2174	1	2174
2175	2	2175	159
2176	9	2176	609	1795	1319	2183	173	1137	1044	1628
2177	1	2177
2178	2	2178	1598
2179	1	2179
2180	3	321	1866	2180
2181	4	1993	772	2181	820
2182	3	593	613	2182
2183	9	2176	609	1795	1319	2183	173	1137	1044	1628
2184	1	2184
2185	4	2185	1125	1686	1967
2186	5	166	2186	1328	409	1146
2187	2	264	2187
2188	1	2188
2189	2	1817	2189
2190	3	2162	2085	2190
2191	7	1794	1062	38	1772	2191	406	1399
2192	1	2192
2193	1	2193
2194	3	2072	2194	2248
2195	18	993	578	1346	1156	1636	524	1260	1006	1327	1359	983	2195	1460	1658	663	58	794	1150
2196	8	66	1415	489	718	2196	1685	635	2109
2197	1	2197
2198	2	868	2198
2199	1	2199
2200	6	839	2344	618	403	2200	1118
2201	1	2201
2202	1	2202
2203	2	1490	2203
2204	15	322	901	363	1420	2158	2222	2321	1266	691	20	1365	1431	1688	762	2204
2205	7	611	934	1096	1042	1622	2205	254
2206	1	2206
2207	6	2148	1994	2063	1008	249	2207
2208	1	2208
2209	2	2209	1443
2210	17	97	2210	1027	2020	1445	2084	1737	1833	1865	1388	270	1651	884	1268	1878	154	2267
2211	3	2211	1716	1093
2212	2	2419	2212
2213	2	2213	591
2214	2	2214	927
2215	1	2215
2216	2	2216	835
2217	10	645	40	1769	2217	875	1451	1069	1902	1934	2399
2218	9	1768	2218	365	1293	2000	2384	1462	348	221
2219	1	2219
2220	5	1154	2275	1446	2220	1614
2221	3	2016	1947	2221
2222	15	322	901	363	1420	2158	2222	2321	1266	691	20	1365	1431	1688	762	2204
2223	4	2223	2268	598	471
2224	1	2224
2225	1	2225
2226	3	824	2226	2166
2227	1	2227
2228	7	198	716	1428	981	2228	407	29
2229	1	2229
2230	1	2230
2231	1	2231
2232	4	2232	1153	1164	2134
2233	2	2233	342
2234	3	2234	1699	860
2235	1	2235
2236	1	2236
2237	5	1741	1522	2261	2237	1983
2238	7	2272	900	170	269	1775	2238	1951
2239	4	2400	2239	11	951
2240	7	2240	516	266	12	175	17	1143
2241	6	2241	707	492	2094	80	819
2242	1	2242
2243	7	515	2243	72	971	1720	636	1503
2244	1	2244
2245	1	2245
2246	10	800	2338	388	2246	1159	1641	2348	1712	753	1567
2247	3	355	651	2247
2248	3	2072	2194	2248
2249	1	2249
2250	6	1571	2250	723	828	2334	639
2251	3	2122	683	2251
2252	3	1832	1411	2252
2253	2	1923	2253
2254	2	2254	1519
2255	3	1052	1173	2255
2256	3	488	428	2256
2257	2	2257	186
2258	1	2258
2259	3	1177	563	2259
2260	4	1657	2379	2260	917
2261	5	1741	1522	2261	2237	1983
2262	4	1228	677	2262	1407
2263	1	2263
2264	5	1796	1647	2264	1915	188
2265	6	416	1541	178	1300	1847	2265
2266	1	2266
2267	17	97	2210	1027	2020	1445	2084	1737	1833	1865	1388	270	1651	884	1268	1878	154	2267
2268	4	2223	2268	598	471
2269	2	1700	2269
2270	1	2270
2271	11	675	453	201	1290	1036	1100	1203	1461	728	1753	2271
2272	7	2272	900	170	269	1775	2238	1951
2273	1	2273
2274	6	994	2274	236	1015	1467	1022
2275	5	1154	2275	1446	2220	1614
2276	8	225	2276	1010	1842	1396	1494	535	1917
2277	2	1785	2277
2278	2	1157	2278
2279	1	2279
2280	4	1320	369	2280	446
2281	6	1664	866	678	1480	2281	724
2282	3	2282	1165	831
2283	7	1313	2049	2283	1517	1104	1946	62
2284	15	513	1985	2087	1384	2313	2284	109	143	2397	1332	85	1525	2167	1372	1309
2285	2	2357	2285
2286	4	129	1141	614	2286
2287	7	705	1987	1672	1929	1167	2287	1117
2288	4	1360	2288	309	854
2289	8	1162	2093	2289	50	1619	436	87	375
2290	2	2290	1195
2291	5	1826	520	2291	373	378
2292	1	2292
2293	2	569	2293
2294	4	713	402	1811	2294
2295	1	2295
2296	1	2296
2297	1	2297
2298	3	1124	2298	1020
2299	1	2299
2300	1	2300
2301	1	2301
2302	3	2123	2302	1031
2303	4	386	2365	2101	2303
2304	4	2304	1349	94	583
2305	3	2305	586	943
2306	1	2306
2307	2	1937	2307
2308	2	48	2308
2309	2	2309	263
2310	2	627	2310
2311	2	643	2311
2312	1	2312
2313	15	513	1985	2087	1384	2313	2284	109	143	2397	1332	85	1525	2167	1372	1309
2314	5	2314	1580	2415	1779	729
2315	1	2315
2316	3	508	2316	1663
2317	6	1761	196	1094	876	2317	1140
2318	1	2318
2319	1	2319
2320	2	2064	2320
2321	15	322	901	363	1420	2158	2222	2321	1266	691	20	1365	1431	1688	762	2204
2322	3	2322	1373	805
2323	1	2323
2324	1	2324
2325	1	2325
2326	1	2326
2327	5	2	744	1357	2327	923
2328	2	2328	1345
2329	1	2329
2330	2	306	2330
2331	12	1952	1378	291	2435	237	1296	2331	883	343	217	1179	1662
2332	3	2392	2332	1941
2333	1	2333
2334	6	1571	2250	723	828	2334	639
2335	3	1410	189	2335
2336	1	2336
2337	1	2337
2338	10	800	2338	388	2246	1159	1641	2348	1712	753	1567
2339	1	2339
2340	1	2340
2341	2	443	2341
2342	2	2342	926
2343	3	192	1978	2343
2344	6	839	2344	618	403	2200	1118
2345	2	2345	2010
2346	1	2346
2347	1	2347
2348	10	800	2338	388	2246	1159	1641	2348	1712	753	1567
2349	1	2349
2350	2	1875	2350
2351	4	153	2351	1607	119
2352	1	2352
2353	6	1251	1488	2353	1337	1341	959
2354	1	2354
2355	1	2355
2356	3	985	2370	2356
2357	2	2357	2285
2358	1	2358
2359	3	1129	2359	2119
2360	2	2360	246
2361	2	401	2361
2362	3	1464	2362	101
2363	3	265	2363	1351
2364	1	2364
2365	4	386	2365	2101	2303
2366	1	2366
2367	6	2017	1731	2155	25	702	2367
2368	3	2368	641	1491
2369	3	2369	715	1645
2370	3	985	2370	2356
2371	1	2371
2372	1	2372
2373	2	168	2373
2374	1	2374
2375	4	1897	1076	302	2375
2376	1	2376
2377	1	2377
2378	4	258	2378	597	1534
2379	4	1657	2379	2260	917
2380	6	961	739	422	2380	1933	727
2381	2	2050	2381
2382	7	197	1957	2406	430	2382	912	1940
2383	2	182	2383
2384	9	1768	2218	365	1293	2000	2384	1462	348	221
2385	2	2385	1004
2386	1	2386
2387	4	128	90	2387	558
2388	1	2388
2389	1	2389
2390	4	2390	881	1612	1206
2391	1	2391
2392	3	2392	2332	1941
2393	4	2393	2026	307	199
2394	1	2394
2395	3	2395	1563	1134
2396	2	1801	2396
2397	15	513	1985	2087	1384	2313	2284	109	143	2397	1332	85	1525	2167	1372	1309
2398	1	2398
2399	10	645	40	1769	2217	875	1451	1069	1902	1934	2399
2400	4	2400	2239	11	951
2401	1	2401
2402	1	2402
2403	2	2154	2403
2404	1	2404
2405	1	2405
2406	7	197	1957	2406	430	2382	912	1940
2407	3	347	870	2407
2408	7	1344	487	2152	2408	1459	1368	539
2409	4	464	2409	1276	975
2410	2	1088	2410
2411	1	2411
2412	1	2412
2413	2	144	2413
2414	1	2414
2415	5	2314	1580	2415	1779	729
2416	1	2416
2417	1	2417
2418	3	1432	2418	1452
2419	2	2419	2212
2420	8	352	973	1262	2420	1526	1304	2139	2429
2421	1	2421
2422	4	1568	1390	2422	390
2423	1	2423
2424	2	224	2424
2425	1	2425
2426	6	96	162	872	1676	1709	2426
2427	1	2427
2428	2	2428	532
2429	8	352	973	1262	2420	1526	1304	2139	2429
2430	3	216	2430	1992
2431	6	1440	1732	68	625	1404	2431
2432	2	2432	1561
2433	4	1970	2433	1722	894
2434	1	2434
2435	12	1952	1378	291	2435	237	1296	2331	883	343	217	1179	1662
2436	4	273	1906	2436	382
2437	1	2437
2438	2	1361	2438
2439	1	2439
2440	1	2440
2441	1	2441
2442	1	2442
2443	1	2443
2444	1	2444
2445	5	2445	174	1752	1178	797
2446	1	2446
2447	3	57	1273	2447
2448	1	2448
2449	1	2449
2450	2	2450	1347
