0	3	0	52	15
1	1	1
2	1	2
3	20	128	97	162	3	100	6	103	42	172	141	111	48	112	18	144	21	118	121	158	63
4	7	4	11	173	178	116	54	29
5	3	136	9	5
6	20	128	97	162	3	100	6	103	42	172	141	111	48	112	18	144	21	118	121	158	63
7	3	66	27	7
8	1	8
9	3	136	9	5
10	1	10
11	7	4	11	173	178	116	54	29
12	4	35	12	77	62
13	1	13
14	24	129	140	14	148	25	26	156	159	164	40	168	43	175	56	57	70	71	80	91	96	108	119	120	125
15	3	0	52	15
16	1	16
17	3	160	17	105
18	20	128	97	162	3	100	6	103	42	172	141	111	48	112	18	144	21	118	121	158	63
19	7	169	176	115	83	19	147	31
20	1	20
21	20	128	97	162	3	100	6	103	42	172	141	111	48	112	18	144	21	118	121	158	63
22	2	22	39
23	2	65	23
24	2	24	117
25	24	129	140	14	148	25	26	156	159	164	40	168	43	175	56	57	70	71	80	91	96	108	119	120	125
26	24	129	140	14	148	25	26	156	159	164	40	168	43	175	56	57	70	71	80	91	96	108	119	120	125
27	3	66	27	7
28	1	28
29	7	4	11	173	178	116	54	29
30	2	122	30
31	7	169	176	115	83	19	147	31
32	7	32	67	36	104	44	79	58
33	10	33	133	165	73	75	107	45	113	50	152
34	7	34	131	134	106	139	170	143
35	4	35	12	77	62
36	7	32	67	36	104	44	79	58
37	2	92	37
38	1	38
39	2	22	39
40	24	129	140	14	148	25	26	156	159	164	40	168	43	175	56	57	70	71	80	91	96	108	119	120	125
41	3	41	93	95
42	20	128	97	162	3	100	6	103	42	172	141	111	48	112	18	144	21	118	121	158	63
43	24	129	140	14	148	25	26	156	159	164	40	168	43	175	56	57	70	71	80	91	96	108	119	120	125
44	7	32	67	36	104	44	79	58
45	10	33	133	165	73	75	107	45	113	50	152
46	1	46
47	2	137	47
48	20	128	97	162	3	100	6	103	42	172	141	111	48	112	18	144	21	118	121	158	63
49	3	72	49	60
50	10	33	133	165	73	75	107	45	113	50	152
51	1	51
52	3	0	52	15
53	2	161	53
54	7	4	11	173	178	116	54	29
55	1	55
56	24	129	140	14	148	25	26	156	159	164	40	168	43	175	56	57	70	71	80	91	96	108	119	120	125
57	24	129	140	14	148	25	26	156	159	164	40	168	43	175	56	57	70	71	80	91	96	108	119	120	125
58	7	32	67	36	104	44	79	58
59	2	59	126
60	3	72	49	60
61	2	64	61
62	4	35	12	77	62
63	20	128	97	162	3	100	6	103	42	172	141	111	48	112	18	144	21	118	121	158	63
64	2	64	61
65	2	65	23
66	3	66	27	7
67	7	32	67	36	104	44	79	58
68	2	68	142
69	1	69
70	24	129	140	14	148	25	26	156	159	164	40	168	43	175	56	57	70	71	80	91	96	108	119	120	125
71	24	129	140	14	148	25	26	156	159	164	40	168	43	175	56	57	70	71	80	91	96	108	119	120	125
72	3	72	49	60
73	10	33	133	165	73	75	107	45	113	50	152
74	1	74
75	10	33	133	165	73	75	107	45	113	50	152
76	1	76
77	4	35	12	77	62
78	1	78
79	7	32	67	36	104	44	79	58
80	24	129	140	14	148	25	26	156	159	164	40	168	43	175	56	57	70	71	80	91	96	108	119	120	125
81	1	81
82	1	82
83	7	169	176	115	83	19	147	31
84	3	177	84	101
85	1	85
86	1	86
87	2	89	87
88	1	88
89	2	89	87
90	1	90
91	24	129	140	14	148	25	26	156	159	164	40	168	43	175	56	57	70	71	80	91	96	108	119	120	125
92	2	92	37
93	3	41	93	95
94	1	94
95	3	41	93	95
96	24	129	140	14	148	25	26	156	159	164	40	168	43	175	56	57	70	71	80	91	96	108	119	120	125
97	20	128	97	162	3	100	6	103	42	172	141	111	48	112	18	144	21	118	121	158	63
98	1	98
99	1	99
100	20	128	97	162	3	100	6	103	42	172	141	111	48	112	18	144	21	118	121	158	63
101	3	177	84	101
102	1	102
103	20	128	97	162	3	100	6	103	42	172	141	111	48	112	18	144	21	118	121	158	63
104	7	32	67	36	104	44	79	58
105	3	160	17	105
106	7	34	131	134	106	139	170	143
107	10	33	133	165	73	75	107	45	113	50	152
108	24	129	140	14	148	25	26	156	159	164	40	168	43	175	56	57	70	71	80	91	96	108	119	120	125
109	1	109
110	1	110
111	20	128	97	162	3	100	6	103	42	172	141	111	48	112	18	144	21	118	121	158	63
112	20	128	97	162	3	100	6	103	42	172	141	111	48	112	18	144	21	118	121	158	63
113	10	33	133	165	73	75	107	45	113	50	152
114	2	153	114
115	7	169	176	115	83	19	147	31
116	7	4	11	173	178	116	54	29
117	2	24	117
118	20	128	97	162	3	100	6	103	42	172	141	111	48	112	18	144	21	118	121	158	63
119	24	129	140	14	148	25	26	156	159	164	40	168	43	175	56	57	70	71	80	91	96	108	119	120	125
120	24	129	140	14	148	25	26	156	159	164	40	168	43	175	56	57	70	71	80	91	96	108	119	120	125
121	20	128	97	162	3	100	6	103	42	172	141	111	48	112	18	144	21	118	121	158	63
122	2	122	30
123	1	123
124	1	124
125	24	129	140	14	148	25	26	156	159	164	40	168	43	175	56	57	70	71	80	91	96	108	119	120	125
126	2	59	126
127	2	132	127
128	20	128	97	162	3	100	6	103	42	172	141	111	48	112	18	144	21	118	121	158	63
129	24	129	140	14	148	25	26	156	159	164	40	168	43	175	56	57	70	71	80	91	96	108	119	120	125
130	1	130
131	7	34	131	134	106	139	170	143
132	2	132	127
133	10	33	133	165	73	75	107	45	113	50	152
134	7	34	131	134	106	139	170	143
135	2	166	135
136	3	136	9	5
137	2	137	47
138	1	138
139	7	34	131	134	106	139	170	143
140	24	129	140	14	148	25	26	156	159	164	40	168	43	175	56	57	70	71	80	91	96	108	119	120	125
141	20	128	97	162	3	100	6	103	42	172	141	111	48	112	18	144	21	118	121	158	63
142	2	68	142
143	7	34	131	134	106	139	170	143
144	20	128	97	162	3	100	6	103	42	172	141	111	48	112	18	144	21	118	121	158	63
145	1	145
146	1	146
147	7	169	176	115	83	19	147	31
148	24	129	140	14	148	25	26	156	159	164	40	168	43	175	56	57	70	71	80	91	96	108	119	120	125
149	1	149
150	1	150
151	1	151
152	10	33	133	165	73	75	107	45	113	50	152
153	2	153	114
154	1	154
155	1	155
156	24	129	140	14	148	25	26	156	159	164	40	168	43	175	56	57	70	71	80	91	96	108	119	120	125
157	2	163	157
158	20	128	97	162	3	100	6	103	42	172	141	111	48	112	18	144	21	118	121	158	63
159	24	129	140	14	148	25	26	156	159	164	40	168	43	175	56	57	70	71	80	91	96	108	119	120	125
160	3	160	17	105
161	2	161	53
162	20	128	97	162	3	100	6	103	42	172	141	111	48	112	18	144	21	118	121	158	63
163	2	163	157
164	24	129	140	14	148	25	26	156	159	164	40	168	43	175	56	57	70	71	80	91	96	108	119	120	125
165	10	33	133	165	73	75	107	45	113	50	152
166	2	166	135
167	1	167
168	24	129	140	14	148	25	26	156	159	164	40	168	43	175	56	57	70	71	80	91	96	108	119	120	125
169	7	169	176	115	83	19	147	31
170	7	34	131	134	106	139	170	143
171	1	171
172	20	128	97	162	3	100	6	103	42	172	141	111	48	112	18	144	21	118	121	158	63
173	7	4	11	173	178	116	54	29
174	1	174
175	24	129	140	14	148	25	26	156	159	164	40	168	43	175	56	57	70	71	80	91	96	108	119	120	125
176	7	169	176	115	83	19	147	31
177	3	177	84	101
178	7	4	11	173	178	116	54	29
179	1	179
