0	14	0	704	865	360	203	556	301	525	432	692	822	285	478	863
1	1	1
2	3	64	849	2
3	3	3	277	22
4	1	4
5	4	743	595	5	7
6	8	355	102	6	646	839	78	143	310
7	4	743	595	5	7
8	1	8
9	4	9	403	233	726
10	2	10	437
11	3	635	465	11
12	1	12
13	1	13
14	1	14
15	1	15
16	2	16	578
17	2	17	135
18	1	18
19	3	97	19	374
20	2	20	647
21	5	773	820	21	153	575
22	3	3	277	22
23	1	23
24	6	587	239	694	24	27	763
25	1	25
26	1	26
27	6	587	239	694	24	27	763
28	1	28
29	4	809	43	77	29
30	1	30
31	1	31
32	1	32
33	2	33	876
34	2	194	34
35	1	35
36	1	36
37	3	314	589	37
38	1	38
39	3	721	275	39
40	4	40	529	460	215
41	10	161	482	197	41	779	875	399	281	476	415
42	5	42	139	717	398	183
43	4	809	43	77	29
44	5	898	684	44	271	191
45	5	257	45	370	408	671
46	2	96	46
47	2	339	47
48	6	715	76	236	48	764	702
49	1	49
50	1	50
51	2	51	765
52	2	52	837
53	1	53
54	3	234	500	54
55	3	753	620	55
56	1	56
57	5	868	772	843	718	57
58	1	58
59	1	59
60	1	60
61	2	61	910
62	2	253	62
63	1	63
64	3	64	849	2
65	1	65
66	1	66
67	2	105	67
68	3	282	419	68
69	2	225	69
70	4	345	366	372	70
71	1	71
72	16	480	513	544	643	864	485	72	810	844	461	141	815	530	503	283	542
73	3	73	106	735
74	1	74
75	3	904	75	262
76	6	715	76	236	48	764	702
77	4	809	43	77	29
78	8	355	102	6	646	839	78	143	310
79	2	384	79
80	1	80
81	3	81	665	900
82	1	82
83	2	673	83
84	1	84
85	1	85
86	1	86
87	1	87
88	7	129	738	487	170	662	88	766
89	1	89
90	1	90
91	4	144	259	91	857
92	1	92
93	5	577	290	299	280	93
94	3	228	597	94
95	1	95
96	2	96	46
97	3	97	19	374
98	5	98	130	264	523	524
99	1	99
100	2	651	100
101	3	488	244	101
102	8	355	102	6	646	839	78	143	310
103	1	103
104	2	104	593
105	2	105	67
106	3	73	106	735
107	4	361	107	691	750
108	1	108
109	1	109
110	3	811	110	367
111	1	111
112	3	112	288	204
113	3	184	113	338
114	2	114	775
115	1	115
116	3	168	116	332
117	1	117
118	4	842	755	564	118
119	1	119
120	7	418	131	872	656	756	151	120
121	3	121	371	637
122	1	122
123	2	123	383
124	3	124	573	527
125	1	125
126	1	126
127	1	127
128	1	128
129	7	129	738	487	170	662	88	766
130	5	98	130	264	523	524
131	7	418	131	872	656	756	151	120
132	1	132
133	1	133
134	8	134	543	816	725	789	797	190	703
135	2	17	135
136	2	136	752
137	1	137
138	1	138
139	5	42	139	717	398	183
140	3	140	373	263
141	16	480	513	544	643	864	485	72	810	844	461	141	815	530	503	283	542
142	1	142
143	8	355	102	6	646	839	78	143	310
144	4	144	259	91	857
145	2	145	778
146	1	146
147	6	613	622	147	854	696	761
148	1	148
149	3	867	149	567
150	1	150
151	7	418	131	872	656	756	151	120
152	1	152
153	5	773	820	21	153	575
154	1	154
155	2	155	406
156	2	156	590
157	2	157	727
158	8	226	489	428	911	657	722	533	158
159	1	159
160	1	160
161	10	161	482	197	41	779	875	399	281	476	415
162	1	162
163	2	163	326
164	2	794	164
165	1	165
166	1	166
167	1	167
168	3	168	116	332
169	2	169	853
170	7	129	738	487	170	662	88	766
171	1	171
172	2	172	893
173	5	227	173	782	346	826
174	1	174
175	6	741	359	840	175	697	414
176	1	176
177	1	177
178	1	178
179	1	179
180	2	512	180
181	2	181	438
182	1	182
183	5	42	139	717	398	183
184	3	184	113	338
185	1	185
186	2	186	470
187	1	187
188	1	188
189	1	189
190	8	134	543	816	725	789	797	190	703
191	5	898	684	44	271	191
192	1	192
193	1	193
194	2	194	34
195	1	195
196	1	196
197	10	161	482	197	41	779	875	399	281	476	415
198	2	198	279
199	1	199
200	1	200
201	1	201
202	1	202
203	14	0	704	865	360	203	556	301	525	432	692	822	285	478	863
204	3	112	288	204
205	6	395	205	270	431	633	604
206	1	206
207	1	207
208	1	208
209	1	209
210	1	210
211	1	211
212	1	212
213	1	213
214	1	214
215	4	40	529	460	215
216	1	216
217	1	217
218	1	218
219	2	219	860
220	1	220
221	3	333	221	870
222	1	222
223	1	223
224	1	224
225	2	225	69
226	8	226	489	428	911	657	722	533	158
227	5	227	173	782	346	826
228	3	228	597	94
229	2	458	229
230	1	230
231	4	906	292	269	231
232	1	232
233	4	9	403	233	726
234	3	234	500	54
235	1	235
236	6	715	76	236	48	764	702
237	1	237
238	1	238
239	6	587	239	694	24	27	763
240	1	240
241	1	241
242	1	242
243	4	814	385	243	777
244	3	488	244	101
245	2	245	382
246	2	648	246
247	2	474	247
248	1	248
249	1	249
250	1	250
251	1	251
252	1	252
253	2	253	62
254	1	254
255	1	255
256	1	256
257	5	257	45	370	408	671
258	1	258
259	4	144	259	91	857
260	1	260
261	1	261
262	3	904	75	262
263	3	140	373	263
264	5	98	130	264	523	524
265	1	265
266	1	266
267	1	267
268	1	268
269	4	906	292	269	231
270	6	395	205	270	431	633	604
271	5	898	684	44	271	191
272	1	272
273	1	273
274	1	274
275	3	721	275	39
276	1	276
277	3	3	277	22
278	1	278
279	2	198	279
280	5	577	290	299	280	93
281	10	161	482	197	41	779	875	399	281	476	415
282	3	282	419	68
283	16	480	513	544	643	864	485	72	810	844	461	141	815	530	503	283	542
284	2	284	316
285	14	0	704	865	360	203	556	301	525	432	692	822	285	478	863
286	2	317	286
287	2	740	287
288	3	112	288	204
289	1	289
290	5	577	290	299	280	93
291	1	291
292	4	906	292	269	231
293	3	716	572	293
294	1	294
295	3	439	699	295
296	1	296
297	2	297	612
298	1	298
299	5	577	290	299	280	93
300	2	300	511
301	14	0	704	865	360	203	556	301	525	432	692	822	285	478	863
302	1	302
303	1	303
304	1	304
305	1	305
306	2	306	771
307	1	307
308	1	308
309	1	309
310	8	355	102	6	646	839	78	143	310
311	2	576	311
312	2	312	417
313	1	313
314	3	314	589	37
315	1	315
316	2	284	316
317	2	317	286
318	1	318
319	1	319
320	1	320
321	1	321
322	6	322	901	456	457	668	734
323	1	323
324	2	561	324
325	4	788	436	325	807
326	2	163	326
327	1	327
328	1	328
329	1	329
330	3	688	330	349
331	1	331
332	3	168	116	332
333	3	333	221	870
334	2	334	502
335	1	335
336	2	336	890
337	1	337
338	3	184	113	338
339	2	339	47
340	1	340
341	1	341
342	1	342
343	1	343
344	1	344
345	4	345	366	372	70
346	5	227	173	782	346	826
347	1	347
348	1	348
349	3	688	330	349
350	5	416	386	885	698	350
351	1	351
352	1	352
353	1	353
354	1	354
355	8	355	102	6	646	839	78	143	310
356	1	356
357	1	357
358	2	517	358
359	6	741	359	840	175	697	414
360	14	0	704	865	360	203	556	301	525	432	692	822	285	478	863
361	4	361	107	691	750
362	1	362
363	1	363
364	1	364
365	1	365
366	4	345	366	372	70
367	3	811	110	367
368	1	368
369	1	369
370	5	257	45	370	408	671
371	3	121	371	637
372	4	345	366	372	70
373	3	140	373	263
374	3	97	19	374
375	1	375
376	1	376
377	1	377
378	1	378
379	2	746	379
380	1	380
381	1	381
382	2	245	382
383	2	123	383
384	2	384	79
385	4	814	385	243	777
386	5	416	386	885	698	350
387	1	387
388	1	388
389	1	389
390	1	390
391	5	514	834	519	391	659
392	2	392	879
393	1	393
394	1	394
395	6	395	205	270	431	633	604
396	1	396
397	1	397
398	5	42	139	717	398	183
399	10	161	482	197	41	779	875	399	281	476	415
400	2	400	850
401	1	401
402	2	792	402
403	4	9	403	233	726
404	2	404	855
405	3	522	405	798
406	2	155	406
407	1	407
408	5	257	45	370	408	671
409	1	409
410	1	410
411	4	546	411	667	749
412	3	649	412	580
413	1	413
414	6	741	359	840	175	697	414
415	10	161	482	197	41	779	875	399	281	476	415
416	5	416	386	885	698	350
417	2	312	417
418	7	418	131	872	656	756	151	120
419	3	282	419	68
420	1	420
421	1	421
422	1	422
423	1	423
424	1	424
425	1	425
426	1	426
427	1	427
428	8	226	489	428	911	657	722	533	158
429	1	429
430	2	441	430
431	6	395	205	270	431	633	604
432	14	0	704	865	360	203	556	301	525	432	692	822	285	478	863
433	2	592	433
434	2	434	877
435	2	435	828
436	4	788	436	325	807
437	2	10	437
438	2	181	438
439	3	439	699	295
440	1	440
441	2	441	430
442	1	442
443	1	443
444	1	444
445	1	445
446	1	446
447	1	447
448	1	448
449	1	449
450	1	450
451	5	451	709	813	570	606
452	2	568	452
453	1	453
454	1	454
455	1	455
456	6	322	901	456	457	668	734
457	6	322	901	456	457	668	734
458	2	458	229
459	1	459
460	4	40	529	460	215
461	16	480	513	544	643	864	485	72	810	844	461	141	815	530	503	283	542
462	1	462
463	1	463
464	3	464	845	566
465	3	635	465	11
466	2	505	466
467	1	467
468	1	468
469	2	747	469
470	2	186	470
471	1	471
472	1	472
473	1	473
474	2	474	247
475	1	475
476	10	161	482	197	41	779	875	399	281	476	415
477	1	477
478	14	0	704	865	360	203	556	301	525	432	692	822	285	478	863
479	1	479
480	16	480	513	544	643	864	485	72	810	844	461	141	815	530	503	283	542
481	1	481
482	10	161	482	197	41	779	875	399	281	476	415
483	1	483
484	1	484
485	16	480	513	544	643	864	485	72	810	844	461	141	815	530	503	283	542
486	1	486
487	7	129	738	487	170	662	88	766
488	3	488	244	101
489	8	226	489	428	911	657	722	533	158
490	1	490
491	2	491	774
492	1	492
493	1	493
494	1	494
495	1	495
496	2	496	535
497	1	497
498	1	498
499	1	499
500	3	234	500	54
501	1	501
502	2	334	502
503	16	480	513	544	643	864	485	72	810	844	461	141	815	530	503	283	542
504	1	504
505	2	505	466
506	3	506	884	558
507	1	507
508	1	508
509	1	509
510	3	731	908	510
511	2	300	511
512	2	512	180
513	16	480	513	544	643	864	485	72	810	844	461	141	815	530	503	283	542
514	5	514	834	519	391	659
515	1	515
516	1	516
517	2	517	358
518	3	626	818	518
519	5	514	834	519	391	659
520	1	520
521	1	521
522	3	522	405	798
523	5	98	130	264	523	524
524	5	98	130	264	523	524
525	14	0	704	865	360	203	556	301	525	432	692	822	285	478	863
526	1	526
527	3	124	573	527
528	1	528
529	4	40	529	460	215
530	16	480	513	544	643	864	485	72	810	844	461	141	815	530	503	283	542
531	1	531
532	1	532
533	8	226	489	428	911	657	722	533	158
534	1	534
535	2	496	535
536	1	536
537	1	537
538	2	760	538
539	1	539
540	1	540
541	1	541
542	16	480	513	544	643	864	485	72	810	844	461	141	815	530	503	283	542
543	8	134	543	816	725	789	797	190	703
544	16	480	513	544	643	864	485	72	810	844	461	141	815	530	503	283	542
545	1	545
546	4	546	411	667	749
547	1	547
548	1	548
549	1	549
550	3	712	846	550
551	1	551
552	2	552	705
553	1	553
554	1	554
555	1	555
556	14	0	704	865	360	203	556	301	525	432	692	822	285	478	863
557	1	557
558	3	506	884	558
559	3	892	895	559
560	1	560
561	2	561	324
562	2	681	562
563	1	563
564	4	842	755	564	118
565	1	565
566	3	464	845	566
567	3	867	149	567
568	2	568	452
569	1	569
570	5	451	709	813	570	606
571	1	571
572	3	716	572	293
573	3	124	573	527
574	1	574
575	5	773	820	21	153	575
576	2	576	311
577	5	577	290	299	280	93
578	2	16	578
579	1	579
580	3	649	412	580
581	2	776	581
582	1	582
583	1	583
584	1	584
585	1	585
586	1	586
587	6	587	239	694	24	27	763
588	1	588
589	3	314	589	37
590	2	156	590
591	1	591
592	2	592	433
593	2	104	593
594	1	594
595	4	743	595	5	7
596	1	596
597	3	228	597	94
598	1	598
599	1	599
600	1	600
601	1	601
602	1	602
603	1	603
604	6	395	205	270	431	633	604
605	1	605
606	5	451	709	813	570	606
607	1	607
608	1	608
609	1	609
610	1	610
611	2	611	847
612	2	297	612
613	6	613	622	147	854	696	761
614	1	614
615	1	615
616	1	616
617	2	617	866
618	1	618
619	1	619
620	3	753	620	55
621	1	621
622	6	613	622	147	854	696	761
623	1	623
624	1	624
625	1	625
626	3	626	818	518
627	1	627
628	2	664	628
629	1	629
630	1	630
631	1	631
632	1	632
633	6	395	205	270	431	633	604
634	1	634
635	3	635	465	11
636	1	636
637	3	121	371	637
638	1	638
639	1	639
640	1	640
641	1	641
642	1	642
643	16	480	513	544	643	864	485	72	810	844	461	141	815	530	503	283	542
644	1	644
645	1	645
646	8	355	102	6	646	839	78	143	310
647	2	20	647
648	2	648	246
649	3	649	412	580
650	1	650
651	2	651	100
652	1	652
653	1	653
654	1	654
655	1	655
656	7	418	131	872	656	756	151	120
657	8	226	489	428	911	657	722	533	158
658	1	658
659	5	514	834	519	391	659
660	1	660
661	1	661
662	7	129	738	487	170	662	88	766
663	1	663
664	2	664	628
665	3	81	665	900
666	1	666
667	4	546	411	667	749
668	6	322	901	456	457	668	734
669	2	891	669
670	2	806	670
671	5	257	45	370	408	671
672	1	672
673	2	673	83
674	1	674
675	1	675
676	1	676
677	1	677
678	1	678
679	2	701	679
680	1	680
681	2	681	562
682	1	682
683	1	683
684	5	898	684	44	271	191
685	1	685
686	1	686
687	1	687
688	3	688	330	349
689	1	689
690	1	690
691	4	361	107	691	750
692	14	0	704	865	360	203	556	301	525	432	692	822	285	478	863
693	1	693
694	6	587	239	694	24	27	763
695	1	695
696	6	613	622	147	854	696	761
697	6	741	359	840	175	697	414
698	5	416	386	885	698	350
699	3	439	699	295
700	1	700
701	2	701	679
702	6	715	76	236	48	764	702
703	8	134	543	816	725	789	797	190	703
704	14	0	704	865	360	203	556	301	525	432	692	822	285	478	863
705	2	552	705
706	1	706
707	1	707
708	1	708
709	5	451	709	813	570	606
710	1	710
711	1	711
712	3	712	846	550
713	2	713	909
714	1	714
715	6	715	76	236	48	764	702
716	3	716	572	293
717	5	42	139	717	398	183
718	5	868	772	843	718	57
719	1	719
720	1	720
721	3	721	275	39
722	8	226	489	428	911	657	722	533	158
723	1	723
724	1	724
725	8	134	543	816	725	789	797	190	703
726	4	9	403	233	726
727	2	157	727
728	1	728
729	1	729
730	1	730
731	3	731	908	510
732	1	732
733	1	733
734	6	322	901	456	457	668	734
735	3	73	106	735
736	1	736
737	1	737
738	7	129	738	487	170	662	88	766
739	1	739
740	2	740	287
741	6	741	359	840	175	697	414
742	1	742
743	4	743	595	5	7
744	1	744
745	1	745
746	2	746	379
747	2	747	469
748	1	748
749	4	546	411	667	749
750	4	361	107	691	750
751	1	751
752	2	136	752
753	3	753	620	55
754	1	754
755	4	842	755	564	118
756	7	418	131	872	656	756	151	120
757	2	757	878
758	1	758
759	1	759
760	2	760	538
761	6	613	622	147	854	696	761
762	1	762
763	6	587	239	694	24	27	763
764	6	715	76	236	48	764	702
765	2	51	765
766	7	129	738	487	170	662	88	766
767	1	767
768	1	768
769	1	769
770	1	770
771	2	306	771
772	5	868	772	843	718	57
773	5	773	820	21	153	575
774	2	491	774
775	2	114	775
776	2	776	581
777	4	814	385	243	777
778	2	145	778
779	10	161	482	197	41	779	875	399	281	476	415
780	1	780
781	2	812	781
782	5	227	173	782	346	826
783	1	783
784	1	784
785	2	856	785
786	1	786
787	1	787
788	4	788	436	325	807
789	8	134	543	816	725	789	797	190	703
790	1	790
791	1	791
792	2	792	402
793	1	793
794	2	794	164
795	1	795
796	1	796
797	8	134	543	816	725	789	797	190	703
798	3	522	405	798
799	1	799
800	2	800	858
801	1	801
802	1	802
803	1	803
804	1	804
805	1	805
806	2	806	670
807	4	788	436	325	807
808	1	808
809	4	809	43	77	29
810	16	480	513	544	643	864	485	72	810	844	461	141	815	530	503	283	542
811	3	811	110	367
812	2	812	781
813	5	451	709	813	570	606
814	4	814	385	243	777
815	16	480	513	544	643	864	485	72	810	844	461	141	815	530	503	283	542
816	8	134	543	816	725	789	797	190	703
817	1	817
818	3	626	818	518
819	1	819
820	5	773	820	21	153	575
821	1	821
822	14	0	704	865	360	203	556	301	525	432	692	822	285	478	863
823	1	823
824	2	824	848
825	1	825
826	5	227	173	782	346	826
827	1	827
828	2	435	828
829	1	829
830	1	830
831	1	831
832	1	832
833	1	833
834	5	514	834	519	391	659
835	1	835
836	1	836
837	2	52	837
838	1	838
839	8	355	102	6	646	839	78	143	310
840	6	741	359	840	175	697	414
841	1	841
842	4	842	755	564	118
843	5	868	772	843	718	57
844	16	480	513	544	643	864	485	72	810	844	461	141	815	530	503	283	542
845	3	464	845	566
846	3	712	846	550
847	2	611	847
848	2	824	848
849	3	64	849	2
850	2	400	850
851	1	851
852	1	852
853	2	169	853
854	6	613	622	147	854	696	761
855	2	404	855
856	2	856	785
857	4	144	259	91	857
858	2	800	858
859	1	859
860	2	219	860
861	1	861
862	1	862
863	14	0	704	865	360	203	556	301	525	432	692	822	285	478	863
864	16	480	513	544	643	864	485	72	810	844	461	141	815	530	503	283	542
865	14	0	704	865	360	203	556	301	525	432	692	822	285	478	863
866	2	617	866
867	3	867	149	567
868	5	868	772	843	718	57
869	1	869
870	3	333	221	870
871	1	871
872	7	418	131	872	656	756	151	120
873	1	873
874	1	874
875	10	161	482	197	41	779	875	399	281	476	415
876	2	33	876
877	2	434	877
878	2	757	878
879	2	392	879
880	1	880
881	1	881
882	1	882
883	1	883
884	3	506	884	558
885	5	416	386	885	698	350
886	1	886
887	1	887
888	1	888
889	1	889
890	2	336	890
891	2	891	669
892	3	892	895	559
893	2	172	893
894	1	894
895	3	892	895	559
896	1	896
897	1	897
898	5	898	684	44	271	191
899	1	899
900	3	81	665	900
901	6	322	901	456	457	668	734
902	1	902
903	1	903
904	3	904	75	262
905	1	905
906	4	906	292	269	231
907	1	907
908	3	731	908	510
909	2	713	909
910	2	61	910
911	8	226	489	428	911	657	722	533	158
