1490
719	38	832
719	38	263
719	38	664
719	38	696
719	38	151
719	38	404
719	38	473
719	38	366
719	38	576
719	38	311
719	38	632
719	38	492
719	38	108
719	38	90
719	38	620
719	38	491
719	38	305
719	38	31
719	38	901
719	38	902
719	38	382
719	38	697
719	38	346
719	38	868
719	38	513
719	38	725
719	38	551
832	38	17
832	38	649
832	38	233
832	38	272
832	38	824
17	38	135
17	10	336
649	38	412
233	38	726
272	38	569
272	99	230
824	38	848
824	10	890
263	38	373
664	65	722
664	65	264
664	65	562
664	65	575
664	65	239
664	65	811
664	65	398
664	65	646
664	65	81
664	65	595
664	65	93
722	38	891
722	153	489
722	161	567
722	0	149
264	38	523
264	153	130
264	161	98
264	0	524
562	38	648
562	153	681
562	28	342
562	66	51
575	38	246
575	153	773
575	28	132
575	66	765
239	38	763
239	7	277
239	7	777
277	38	3
277	66	22
777	38	243
777	66	814
239	177	27
239	20	587
811	38	110
811	153	367
811	117	296
398	177	139
398	20	183
646	38	355
646	153	143
81	38	900
81	153	665
595	38	7
595	27	845
595	153	5
93	38	299
93	153	577
93	30	290
93	122	280
696	38	854
696	30	761
696	122	613
151	55	418
151	153	131
151	101	656
151	84	487
151	84	559
487	84	88
559	84	895
404	55	855
404	65	779
779	38	875
779	55	79
779	171	399
779	85	395
473	55	294
473	65	351
473	65	53
351	38	605
351	65	526
351	65	413
351	65	65
351	65	363
53	38	4
53	65	365
53	65	413
53	55	672
473	30	167
473	122	242
473	154	835
473	46	467
366	167	432
366	55	105
366	145	245
366	1	345
366	146	638
576	167	285
311	167	822
632	167	863
492	167	203
108	167	301
90	167	704
620	167	692
491	167	525
305	167	360
31	167	865
901	167	0
902	167	478
382	167	556
697	153	359
697	85	175
697	87	840
346	153	782
346	55	826
346	65	885
885	153	416
346	85	173
346	171	227
868	38	843
868	55	57
868	85	772
868	171	718
513	38	485
513	65	542
513	65	816
513	65	283
542	153	503
816	38	134
816	87	543
816	78	703
283	38	864
283	87	530
283	78	815
725	55	384
725	85	431
551	153	897
551	55	67
135	74	104
104	74	440
104	74	593
593	23	440
336	74	73
336	74	674
336	74	252
73	74	735
73	74	124
124	23	735
735	74	873
735	74	106
106	124	873
412	74	21
412	74	631
21	74	153
21	74	87
153	109	87
726	74	403
403	74	9
403	74	896
896	94	9
9	138	896
569	74	707
707	74	792
707	74	272
272	94	792
792	138	272
792	74	575
792	74	218
575	120	218
230	74	407
407	74	402
407	74	554
554	94	402
402	138	554
402	74	196
402	74	138
138	124	196
848	74	803
848	74	309
890	74	405
405	74	508
405	74	798
798	110	508
798	74	522
798	74	364
798	74	468
798	74	575
522	77	364
468	111	575
373	74	140
373	74	86
86	74	8
86	74	159
140	74	263
140	74	38
263	108	38
891	74	659
659	74	722
659	74	148
659	74	182
722	149	148
722	149	182
489	74	535
489	74	612
489	74	331
535	74	722
535	74	145
535	74	411
722	121	145
411	121	145
612	74	572
612	74	255
572	165	255
567	74	535
149	74	612
149	74	475
612	74	572
612	74	255
572	165	255
523	74	472
523	74	496
523	74	102
523	74	794
496	74	71
496	74	778
778	124	71
102	74	128
102	74	297
297	124	128
794	74	164
794	74	329
329	124	164
164	74	575
164	74	211
575	112	211
130	74	472
130	74	496
98	74	472
524	74	472
648	74	685
648	74	146
681	74	304
681	74	304
51	74	758
51	74	547
51	74	800
51	74	512
800	74	858
800	74	180
800	74	260
858	71	180
858	108	260
512	74	180
512	74	222
180	82	222
246	74	193
246	74	401
773	74	603
773	74	603
765	74	758
765	74	547
765	74	800
765	74	512
763	74	436
763	74	24
763	74	886
763	74	61
763	74	694
61	74	385
61	74	910
910	94	385
385	138	910
694	74	694
436	74	239
436	74	206
239	47	206
24	74	239
24	74	817
239	65	817
910	74	239
910	74	255
910	74	477
910	74	422
910	74	642
910	74	642
910	74	477
239	17	255
239	11	477
239	160	422
239	160	642
239	160	642
239	11	477
694	74	239
694	74	255
239	33	255
3	74	886
22	74	315
243	74	61
243	74	694
61	74	385
61	74	910
910	94	385
385	138	910
694	74	694
910	74	239
910	74	255
910	74	422
910	74	642
910	74	477
910	74	642
910	74	477
239	17	255
239	160	422
239	160	642
239	11	477
239	160	642
239	11	477
694	74	239
694	74	255
239	33	255
814	74	315
27	74	332
27	74	278
27	74	861
332	74	767
332	74	168
168	124	767
587	74	861
110	74	113
110	74	828
828	74	435
828	74	293
293	124	435
113	74	716
113	74	675
716	24	675
435	74	219
435	74	142
219	25	142
293	74	716
367	74	184
184	74	785
184	74	338
338	110	785
785	74	145
785	74	856
145	173	856
296	74	493
139	74	116
139	74	610
139	74	829
116	74	767
116	74	42
42	124	767
183	74	829
355	74	310
355	74	381
355	74	608
355	74	6
310	74	509
310	74	78
78	124	509
6	74	128
6	74	778
778	124	128
608	74	145
608	74	273
145	151	273
78	74	839
78	74	425
839	114	425
143	74	162
143	74	731
731	74	258
731	74	908
908	124	258
908	74	869
908	74	510
510	76	869
510	74	839
510	74	780
839	73	780
900	74	207
665	74	497
7	74	743
7	74	657
7	74	566
7	74	320
7	74	15
743	74	595
743	74	616
743	74	683
595	108	616
595	119	683
657	74	667
657	74	171
657	74	595
657	74	663
667	118	171
667	97	595
667	6	663
566	74	464
566	74	722
566	74	722
464	108	722
464	108	722
845	74	566
5	74	607
5	74	749
5	74	682
5	74	517
749	74	836
749	74	546
546	110	836
517	74	176
517	74	358
358	8	176
176	74	856
176	74	38
856	44	38
299	74	752
299	74	271
752	74	256
752	74	136
136	124	256
271	74	250
271	74	44
44	124	250
44	74	801
44	74	684
684	8	801
136	74	93
136	74	621
136	74	421
93	24	621
93	24	421
801	74	856
801	74	195
856	127	195
684	74	664
577	74	450
577	74	898
577	74	536
898	74	627
898	74	191
191	23	627
191	74	269
191	74	628
628	8	269
269	74	231
269	74	563
231	103	563
290	74	450
290	74	898
290	74	536
280	74	450
280	74	898
280	74	536
854	74	622
854	74	91
854	74	430
854	74	259
854	74	711
854	74	499
854	74	47
430	74	60
430	74	441
441	76	60
622	74	696
622	74	584
622	74	768
696	96	584
696	96	768
91	74	696
91	74	255
696	75	255
259	74	147
259	74	74
147	133	74
711	74	653
711	74	696
711	74	368
711	74	892
653	29	696
653	108	368
892	29	696
892	108	368
47	74	339
47	74	308
339	168	308
441	74	696
441	74	744
696	140	744
761	74	144
144	74	847
144	74	857
857	110	847
847	74	611
847	74	856
611	173	856
613	74	889
418	74	733
418	74	676
418	74	601
418	74	370
418	74	236
418	74	313
418	74	187
418	74	579
418	74	702
418	74	809
418	74	637
418	74	651
418	74	361
418	74	215
418	74	192
418	74	29
418	74	691
418	74	549
418	74	333
418	74	406
418	74	249
418	74	537
418	74	371
236	74	764
236	74	438
438	94	764
764	138	438
702	74	764
702	74	181
181	94	764
764	138	181
809	74	756
809	74	43
43	94	756
756	138	43
637	74	634
637	74	706
706	23	634
361	74	455
361	74	107
107	124	455
215	74	460
215	74	95
95	124	460
192	74	636
192	74	257
257	94	636
636	138	257
29	74	666
29	74	77
77	94	666
666	138	77
691	74	680
691	74	750
750	110	680
333	74	870
333	74	459
459	94	870
870	138	459
870	74	591
870	74	221
221	23	591
676	74	625
676	74	85
625	95	85
370	74	120
370	74	586
120	176	586
651	74	722
651	74	376
651	74	615
651	74	289
722	136	376
722	115	615
722	5	289
722	9	289
406	74	155
406	74	49
155	169	49
371	74	121
371	74	302
371	74	63
121	40	302
121	168	63
764	74	575
764	74	307
575	159	307
438	74	887
438	74	560
438	74	318
887	148	560
887	108	318
181	74	318
181	74	560
43	74	787
43	74	341
787	16	341
460	74	820
460	74	453
820	108	453
77	74	787
77	74	341
221	74	722
221	74	274
722	43	274
131	74	380
131	74	66
131	74	841
66	74	762
66	74	494
494	124	762
656	74	521
656	74	126
88	74	170
170	74	766
170	74	129
766	74	662
766	74	851
662	80	851
129	74	738
129	74	185
129	74	661
738	61	185
738	64	661
895	74	463
895	74	872
872	74	559
872	74	498
559	19	498
855	74	654
855	74	101
855	74	565
855	74	228
855	74	871
228	74	186
228	74	94
94	94	186
186	138	94
101	74	324
101	74	25
324	31	25
871	74	879
871	74	695
879	77	695
94	74	597
94	74	319
94	74	366
597	32	319
597	79	366
875	74	481
875	74	553
875	74	226
875	74	197
875	74	156
875	74	592
481	74	41
481	74	695
695	124	41
156	74	448
156	74	590
590	94	448
448	138	590
592	74	214
592	74	433
433	124	214
226	74	722
226	74	779
226	74	690
226	74	160
226	74	695
226	74	596
226	74	894
722	60	779
722	72	690
722	72	160
722	12	695
722	12	596
722	49	894
197	74	281
197	74	420
197	74	779
197	74	348
281	126	420
779	21	348
41	74	779
41	74	388
779	108	388
695	74	526
695	74	165
526	0	165
448	74	526
448	74	261
526	107	261
590	74	404
590	74	266
404	18	266
214	74	526
214	74	630
526	107	630
79	74	220
79	74	909
79	74	424
79	74	878
220	74	585
220	74	490
490	124	585
909	74	713
909	74	526
713	41	526
878	74	757
878	74	377
757	179	377
399	74	379
399	74	748
399	74	374
374	74	208
374	74	19
379	74	746
379	74	526
746	102	526
19	74	678
19	74	779
19	74	152
678	45	779
678	90	152
395	74	220
395	74	62
395	74	174
395	74	10
395	74	427
62	74	723
62	74	253
253	124	723
10	74	437
10	74	526
437	63	526
427	74	724
427	74	404
724	162	404
294	74	548
294	74	284
548	74	736
548	74	447
447	124	736
284	74	825
284	74	316
316	23	825
605	74	471
605	74	232
605	74	876
605	74	482
605	74	161
605	74	188
605	74	776
605	74	747
605	74	834
605	74	514
876	74	33
876	74	117
482	74	41
482	74	867
867	124	41
161	74	388
161	74	476
476	124	388
747	74	469
747	74	312
33	74	641
33	74	254
471	74	722
471	74	892
471	74	235
722	128	892
722	4	235
232	74	235
232	74	769
232	74	714
232	74	528
232	74	714
232	74	423
235	34	769
235	123	714
235	106	528
235	123	714
235	106	423
776	74	581
776	74	541
581	59	541
834	74	519
834	74	722
834	74	572
519	153	722
519	153	572
514	74	572
514	74	182
514	74	722
514	74	335
572	149	182
722	149	182
722	149	335
572	149	335
117	74	255
41	74	779
41	74	388
779	108	388
476	74	317
476	74	619
476	74	619
476	74	352
317	150	619
317	150	619
317	131	352
469	74	710
469	74	660
469	74	495
710	108	660
710	57	495
4	74	745
4	74	236
4	74	198
4	74	451
4	74	606
4	74	178
4	74	474
4	74	516
4	74	602
4	74	445
4	74	755
4	74	262
4	74	717
4	74	114
4	74	52
4	74	911
4	74	737
4	74	247
4	74	127
4	74	334
4	74	502
4	74	320
4	74	15
4	74	837
4	74	545
198	74	279
198	74	446
606	74	570
606	74	391
391	94	570
570	138	391
516	74	781
516	74	26
26	94	781
781	138	26
445	74	599
445	74	28
755	74	291
755	74	118
118	94	291
291	138	118
114	74	775
114	74	669
669	94	775
775	138	669
911	74	842
911	74	158
247	74	96
247	74	533
533	94	96
96	138	533
158	74	428
158	74	823
451	74	709
451	74	38
709	108	38
474	74	722
474	74	564
722	37	564
262	74	904
262	74	276
262	74	483
904	91	276
904	91	483
717	74	75
717	74	515
717	74	122
717	74	389
75	51	515
75	56	122
75	147	389
52	74	722
52	74	600
52	74	237
52	74	298
722	130	600
722	83	237
722	130	298
127	74	742
127	74	387
127	74	89
127	74	571
742	123	387
742	123	89
742	134	571
334	74	742
334	74	387
334	74	89
334	74	409
742	139	409
502	74	742
502	74	409
502	74	387
502	74	462
502	74	89
742	143	409
742	123	387
742	143	462
742	123	89
837	74	571
837	74	793
571	42	793
279	74	356
279	74	142
356	13	142
446	74	53
446	74	165
53	53	165
570	74	564
570	74	722
564	135	722
781	74	812
781	74	479
812	108	479
26	74	53
26	74	714
26	74	571
53	123	714
53	170	571
775	74	671
775	74	337
775	74	520
671	108	337
671	108	520
842	74	564
96	74	219
96	74	582
219	175	582
533	74	722
533	74	415
722	37	415
428	74	644
428	74	722
428	74	415
672	74	846
846	74	550
846	74	790
550	74	712
550	74	179
550	74	209
712	93	179
712	93	209
167	74	650
242	74	650
835	74	770
835	74	84
835	74	907
835	74	486
835	74	452
770	74	1
770	74	507
507	110	1
84	74	883
84	74	484
907	74	248
907	74	265
265	94	248
248	138	265
452	74	629
452	74	568
265	74	92
265	74	899
486	74	540
540	152	540
507	74	860
507	74	473
860	50	473
883	74	473
883	74	408
473	166	408
248	74	821
248	74	882
821	54	882
568	74	378
568	74	13
568	74	100
568	74	353
568	74	408
100	116	353
408	116	353
467	74	111
467	74	624
467	74	16
624	74	12
624	74	813
16	74	292
16	74	578
578	94	292
292	138	578
12	74	540
12	74	369
540	158	369
813	74	415
813	74	571
415	14	571
292	74	906
292	74	879
906	104	879
578	74	614
578	74	598
578	74	45
578	74	267
614	35	598
45	15	267
432	74	688
432	74	807
432	74	251
688	74	588
688	74	349
349	22	588
807	74	518
807	74	575
807	74	343
807	74	202
518	81	575
518	52	343
518	52	202
105	74	609
105	74	488
105	74	396
105	74	287
488	74	362
488	74	244
244	94	362
362	138	244
287	74	501
287	74	740
740	124	501
362	74	791
362	74	240
791	26	240
244	74	561
244	74	80
561	62	80
245	74	194
245	74	34
245	74	172
245	74	383
245	74	330
245	74	83
245	74	558
245	74	314
34	74	137
34	74	241
172	74	893
172	74	321
383	74	426
383	74	123
123	174	426
330	74	394
330	74	210
558	74	223
558	74	802
802	23	223
314	74	879
314	74	37
37	110	879
194	74	562
194	74	751
562	58	751
83	74	673
83	74	38
673	108	38
893	74	69
893	74	729
69	172	729
37	74	589
37	74	125
589	2	125
345	74	805
345	74	506
345	74	788
345	74	500
345	74	720
345	74	443
506	74	390
506	74	884
884	124	390
788	74	687
788	74	325
325	94	687
687	138	325
805	74	392
805	74	212
392	82	212
500	74	852
500	74	36
852	108	36
325	74	343
325	74	575
325	74	202
325	74	382
638	74	877
638	74	282
638	74	306
638	74	827
638	74	429
638	74	163
638	74	213
638	74	70
638	74	2
638	74	905
638	74	288
638	74	504
877	74	877
282	74	618
282	74	68
68	23	618
306	74	46
306	74	771
771	94	46
46	138	771
70	74	372
70	74	774
774	8	372
2	74	112
2	74	64
64	94	112
112	138	64
288	74	470
288	74	204
204	94	470
470	138	204
877	74	838
877	74	434
163	74	326
163	74	574
163	74	103
326	70	574
326	70	103
504	74	645
68	74	419
68	74	199
68	74	728
68	74	693
419	36	199
419	36	728
419	67	693
419	39	693
46	74	575
46	74	555
46	74	689
575	113	689
372	74	345
372	74	268
345	100	268
112	74	575
112	74	150
112	74	531
575	178	150
575	178	531
64	74	849
64	74	730
849	62	730
470	74	480
470	74	557
480	86	557
204	74	225
204	74	575
225	155	575
434	74	830
434	74	859
285	74	115
285	74	818
818	74	708
818	74	626
626	124	708
822	74	115
822	74	818
863	74	658
863	74	54
54	74	453
54	74	234
234	76	453
203	74	410
203	74	177
301	74	449
704	74	527
704	74	808
527	74	76
527	74	573
573	110	76
76	74	90
76	74	154
90	108	154
692	74	655
692	74	732
525	74	732
360	74	732
865	74	732
0	74	322
0	74	734
322	74	457
322	74	456
456	94	457
457	138	456
734	74	303
734	74	534
303	129	534
457	74	668
457	74	393
457	74	534
668	156	393
534	156	393
478	74	216
556	74	759
359	74	741
359	74	414
359	74	55
359	74	397
741	74	697
741	74	133
741	74	677
741	74	82
741	74	783
697	137	133
677	69	82
697	137	783
414	74	56
55	74	753
55	74	58
55	74	238
753	98	58
753	105	238
175	74	109
175	74	833
175	74	819
175	74	439
175	74	652
175	74	141
439	74	357
439	74	699
699	110	357
141	74	643
141	74	461
461	110	643
652	74	295
652	74	82
652	74	739
295	157	82
295	163	739
643	74	283
643	74	119
283	142	119
840	74	109
840	74	833
840	74	819
840	74	439
840	74	652
840	74	141
782	74	583
782	74	715
715	74	14
715	74	48
48	23	14
583	74	580
583	74	442
583	74	784
583	74	888
580	164	442
580	164	784
580	164	888
48	74	580
48	74	686
48	74	753
580	141	686
580	92	753
826	74	59
416	74	350
416	74	386
416	74	189
386	74	831
386	74	698
698	23	831
350	74	885
350	74	616
350	74	683
885	108	616
885	119	683
698	74	885
698	74	375
885	137	375
173	74	400
173	74	804
400	74	35
400	74	850
850	110	35
227	74	400
227	74	804
843	74	640
843	74	200
200	74	417
200	74	23
640	74	868
640	74	344
640	74	32
868	108	344
868	3	32
417	74	881
57	74	721
57	74	466
57	74	157
57	74	670
57	74	511
57	74	224
466	74	880
466	74	505
505	124	880
157	74	39
157	74	727
727	124	39
670	74	806
670	74	866
866	94	806
806	138	866
511	74	300
511	74	312
312	23	300
721	74	275
721	74	594
275	108	594
224	74	324
224	74	700
324	31	700
39	74	275
39	74	347
275	108	347
300	74	617
300	74	754
617	108	754
772	74	444
772	74	874
772	74	639
772	74	538
538	74	760
538	74	229
229	174	760
760	74	458
760	74	903
458	68	903
718	74	444
718	74	874
718	74	639
718	74	538
485	74	529
485	74	217
529	74	513
529	74	616
529	74	683
513	108	616
513	119	683
217	74	542
217	74	786
542	132	786
503	74	18
134	74	789
789	74	190
789	74	323
789	74	797
190	108	323
797	108	323
543	74	99
703	74	604
604	74	552
604	74	270
270	110	552
552	74	725
552	74	119
725	142	119
864	74	40
864	74	544
40	74	844
40	74	354
844	88	354
544	74	283
544	74	323
544	74	328
283	108	323
283	108	328
530	74	201
815	74	72
72	74	643
72	74	810
810	110	643
643	74	283
643	74	119
283	142	119
384	74	853
384	74	20
384	74	539
853	74	166
853	74	169
20	74	50
20	74	647
647	124	50
169	74	617
169	74	366
169	74	286
617	125	366
286	125	366
431	74	97
431	74	205
205	74	705
205	74	633
633	110	705
97	74	30
97	74	317
97	74	725
97	74	328
97	74	532
30	89	317
725	108	328
725	89	317
725	108	532
705	74	317
705	74	119
317	142	119
897	74	327
897	74	340
327	74	795
327	74	862
795	114	862
340	74	795
340	74	454
340	74	799
795	48	454
795	48	799
67	74	701
67	74	11
701	74	796
701	74	679
679	94	796
796	138	679
679	74	635
679	74	623
11	74	465
11	74	580
465	144	580
635	74	465
